v7,v123,v124,v125,v126,v127,v128,v129,v130,v131,v132,v133,v134,v135,v136,v137,v138,v220,v221,v222,v223,v224,v225,v226,v227,v228,v229,v230,v231,bald
2,1,0,0,1,0,0,0,1,1,0,1,1,1,1,0,0,0,1,0,1,1,1,0,1,0,0,0,0,48
1,1,0,0,0,0,0,0,0,0,0,0,1,0,1,0,0,0,1,0,1,1,1,0,0,1,0,0,0,30
1,0,0,0,0,0,0,0,0,0,0,0,0,1,0,1,0,0,1,0,1,1,1,0,0,0,1,0,0,57
2,1,1,0,0,0,0,0,0,0,0,0,0,1,1,0,0,1,1,0,1,0,1,0,1,0,0,0,0,55
1,0,0,0,0,0,0,0,0,0,0,0,0,1,0,1,0,1,1,0,0,0,1,0,0,0,0,0,0,27
2,0,1,0,0,1,0,1,1,0,0,1,0,0,0,0,0,0,1,0,1,1,1,0,0,0,1,0,0,21
2,1,0,0,0,0,0,1,0,1,0,1,1,0,0,1,0,1,1,0,1,0,1,0,1,0,0,0,0,60
1,0,1,0,1,0,0,0,0,1,0,1,0,1,1,0,0,0,1,0,1,0,1,0,1,0,1,0,0,32
1,1,0,0,0,1,1,0,0,0,0,0,0,0,0,1,0,1,1,0,0,0,1,0,0,0,1,0,0,21
1,1,0,0,0,0,0,0,1,0,0,1,1,1,1,0,0,1,1,0,1,0,1,0,0,0,1,0,0,58
1,1,1,0,0,0,0,0,1,1,0,0,1,0,1,0,0,1,1,0,1,0,1,0,0,0,1,0,0,39
2,1,1,0,1,0,0,1,1,0,0,0,1,1,0,1,0,1,1,0,1,0,1,0,0,0,1,0,0,47
2,1,1,0,0,0,0,1,0,0,1,0,0,0,0,1,0,1,1,0,1,1,1,0,0,0,0,0,0,31
2,0,1,0,0,0,0,1,0,0,0,1,1,0,1,0,0,0,1,0,1,0,1,0,1,0,1,0,0,32
2,1,1,0,0,0,0,0,0,0,0,0,1,1,0,0,0,1,0,0,1,0,1,0,1,0,1,0,0,32
1,0,1,1,1,0,0,0,0,0,0,0,0,0,0,0,0,1,0,0,1,1,1,0,0,0,0,1,0,33
2,0,0,0,0,0,0,0,0,1,0,1,0,0,1,1,0,0,1,0,1,1,1,0,1,0,0,0,0,50
2,0,1,0,0,0,0,0,0,0,0,1,1,1,0,0,0,1,1,0,1,0,1,0,1,0,0,0,0,26
1,0,0,0,0,0,0,0,1,0,0,0,1,1,0,0,0,0,0,0,1,0,1,0,1,0,1,0,0,41
2,0,1,1,0,0,0,0,0,0,0,0,0,0,1,0,0,1,0,0,1,0,0,0,1,0,0,0,0,27
2,1,1,1,1,0,0,0,0,0,0,1,0,0,1,0,0,1,1,0,1,0,1,0,0,0,0,1,0,39
2,1,1,0,0,0,0,1,0,0,0,0,0,0,1,0,0,0,1,0,1,1,1,0,1,0,0,0,0,47
1,1,1,0,1,1,0,0,1,0,1,1,0,1,1,1,0,1,1,0,1,1,1,0,0,0,0,0,0,31
2,0,1,0,1,0,0,0,0,0,0,0,1,0,1,1,0,0,1,0,1,0,1,0,1,0,1,0,0,29
2,1,1,0,1,1,0,0,1,1,0,1,1,1,1,1,0,1,1,0,1,0,0,0,1,0,1,0,0,25
1,1,1,0,0,1,0,0,1,0,1,0,1,0,1,1,0,1,1,0,1,0,1,0,0,0,1,0,0,26
2,1,1,0,1,0,1,1,0,0,1,1,0,0,0,1,0,1,1,0,1,0,1,0,1,0,0,0,0,57
1,0,1,0,1,1,0,0,1,1,0,0,1,0,0,0,0,1,1,0,1,0,1,0,1,0,0,0,0,28
1,0,1,0,1,0,0,1,1,1,0,0,1,0,0,0,0,0,1,0,0,1,1,0,0,0,1,0,0,37
2,1,1,0,0,1,0,0,1,1,0,1,1,1,1,0,0,1,1,0,1,0,1,0,1,0,0,0,0,25
2,1,1,0,1,0,0,0,1,0,0,1,1,1,1,1,0,1,1,0,1,0,1,0,0,0,1,0,0,42
1,0,1,0,0,0,0,0,0,0,0,1,0,0,0,0,0,1,0,0,1,1,1,0,0,0,0,0,0,26
1,1,1,1,1,0,0,1,1,0,0,0,1,0,0,1,0,0,1,0,1,1,1,0,1,0,0,0,0,40
1,1,1,0,1,1,0,1,1,1,1,0,1,1,1,1,0,0,1,0,1,0,1,0,1,1,0,0,0,52
1,1,0,0,0,1,0,0,0,0,1,1,0,0,0,1,0,0,1,1,1,0,1,0,0,0,0,0,0,20
2,1,1,0,0,0,0,1,1,0,0,0,1,1,0,0,0,1,1,0,1,0,1,0,0,0,1,0,0,30
2,1,1,0,0,0,0,1,1,1,1,1,1,1,1,1,0,0,1,0,1,1,1,0,1,0,0,0,0,40
2,1,1,0,1,0,0,1,1,0,0,1,1,1,1,0,0,1,1,0,1,0,1,0,0,0,0,1,0,69
2,1,1,0,1,0,0,1,1,0,1,1,1,0,1,1,0,1,1,0,1,0,1,0,0,0,1,0,0,48
2,1,1,0,1,0,0,1,1,0,1,1,1,0,1,1,0,0,1,0,1,1,1,0,0,0,1,0,0,59
2,1,1,0,1,0,0,1,1,1,1,1,0,1,0,1,0,0,1,0,0,0,1,0,0,0,1,0,0,49
1,1,1,0,1,1,0,0,1,0,1,0,1,1,1,1,0,1,1,0,1,0,1,0,0,0,0,0,0,44
2,0,0,0,0,1,0,1,1,0,0,0,0,0,1,0,0,1,1,0,1,0,1,0,0,0,1,0,0,33
2,1,1,0,0,1,0,0,1,0,0,1,1,1,1,1,0,1,1,0,1,0,1,0,0,0,1,0,0,29
1,1,1,0,1,0,0,0,1,0,0,0,1,1,1,1,0,1,0,0,1,1,1,0,0,0,1,0,0,22
2,1,1,0,0,1,0,1,1,0,1,1,1,1,1,1,0,0,1,0,1,1,1,0,0,0,1,0,0,33
1,0,1,0,1,0,0,0,1,1,0,0,0,0,0,1,0,1,1,0,1,0,1,1,0,0,0,0,0,55
2,0,1,0,1,0,0,1,0,1,0,1,1,0,0,1,0,0,1,0,1,1,1,0,0,0,1,0,0,19
2,0,1,0,0,0,0,1,0,0,0,0,1,0,1,0,0,0,1,0,1,0,1,0,1,0,1,0,0,35
2,1,1,0,1,0,1,1,0,0,0,1,0,1,1,1,0,1,1,0,1,0,1,0,1,0,0,0,0,37
2,0,1,0,0,1,1,0,1,0,0,1,1,1,1,0,0,1,1,0,1,0,1,0,1,0,0,0,0,66
1,0,1,0,0,0,0,0,0,0,0,0,0,1,1,0,0,1,1,0,1,0,1,0,0,0,1,0,0,69
2,1,0,0,0,0,0,0,0,0,0,0,0,1,1,0,0,1,0,0,1,0,1,1,0,0,0,1,0,42
2,0,1,0,1,1,0,0,1,0,0,0,1,1,1,1,0,1,1,0,0,1,1,0,0,0,1,0,0,20
1,1,1,0,1,0,0,0,0,0,0,1,0,0,1,0,0,1,1,0,0,1,1,0,0,0,0,1,0,38
1,0,0,0,0,0,0,0,1,0,0,1,1,1,0,0,0,1,0,0,1,0,1,0,1,0,0,0,0,49
2,1,1,0,0,0,0,0,1,0,0,1,0,1,1,0,0,1,1,0,1,1,1,0,0,0,0,0,0,64
2,0,1,0,0,0,0,0,1,1,0,1,1,1,1,0,0,1,1,0,1,0,1,0,0,1,0,0,0,51
2,1,1,0,0,0,0,0,1,0,0,1,0,0,1,1,0,1,1,0,1,1,1,0,0,0,0,0,0,57
2,1,1,0,1,0,0,1,0,0,0,0,0,0,1,0,0,1,1,0,1,0,1,0,0,0,1,0,0,32
2,0,1,0,0,0,0,0,1,0,0,1,1,0,1,0,0,0,1,0,1,0,1,0,0,1,1,0,0,43
1,0,1,0,1,0,0,0,1,0,0,0,0,1,1,1,0,1,0,0,1,0,1,0,1,0,1,0,0,60
2,1,1,0,1,0,0,0,0,1,0,1,1,1,1,1,0,0,1,0,1,1,1,0,0,0,1,0,0,23
1,1,1,0,1,0,0,1,0,0,0,1,1,1,1,1,0,1,1,0,1,0,1,0,0,0,1,0,0,30
1,1,1,0,1,0,0,0,0,0,0,0,1,1,0,0,0,1,1,0,1,0,1,1,0,0,0,0,0,52
2,0,1,0,1,1,0,0,1,1,0,1,1,1,1,0,0,0,1,0,0,1,1,0,1,0,1,0,0,41
2,0,1,0,0,0,0,0,1,0,0,0,1,1,1,1,0,0,1,0,1,1,1,0,1,0,0,0,0,35
2,0,1,0,1,0,0,1,0,1,0,1,1,0,1,1,0,1,1,0,1,0,1,0,0,0,1,0,0,48
1,1,1,0,0,1,0,1,1,0,1,1,0,1,1,0,0,1,1,0,1,0,1,0,1,0,0,0,0,29
1,1,1,0,1,0,0,0,1,0,0,1,1,1,1,0,0,1,0,0,1,0,1,0,0,0,0,1,0,25
2,1,0,1,1,0,0,0,0,1,0,0,1,0,1,1,0,0,1,0,1,1,0,0,0,1,0,0,0,45
1,0,1,0,1,0,1,1,1,0,0,1,1,0,1,1,0,1,0,0,1,0,1,0,0,0,1,1,0,54
1,1,1,0,0,0,0,0,1,0,0,0,1,0,1,1,0,1,0,0,1,1,1,0,0,0,1,0,0,22
2,0,1,0,1,0,0,1,1,0,0,1,0,0,1,1,0,1,1,0,1,1,0,0,0,0,1,0,0,63
2,0,1,1,0,0,0,1,1,0,0,0,1,0,0,0,0,0,1,0,1,1,1,0,0,0,1,0,0,30
1,1,1,0,1,0,0,0,0,0,0,0,1,1,0,0,0,1,1,0,1,0,1,0,1,0,0,0,0,49
1,1,1,0,0,0,0,0,1,0,0,0,0,0,1,1,0,0,1,0,0,1,1,0,1,0,0,0,0,22
1,1,1,0,1,0,0,1,0,0,0,1,0,1,1,0,0,1,0,0,1,0,1,0,1,0,0,1,0,45
1,1,0,0,0,0,0,0,0,0,0,0,0,0,0,0,0,1,1,1,1,0,1,0,0,0,0,0,0,20
1,1,1,0,1,0,0,0,0,0,0,0,0,0,0,1,0,1,1,0,1,0,1,0,0,0,1,0,0,45
1,0,1,0,1,0,0,0,1,0,0,1,1,1,1,1,0,1,1,0,1,0,0,0,1,0,1,0,0,35
2,0,1,0,0,0,0,0,1,0,0,1,1,0,0,0,0,1,1,0,1,0,1,0,0,0,1,0,0,20
2,1,1,0,0,1,0,0,1,0,0,1,1,1,1,0,0,1,1,0,1,0,1,0,1,0,0,0,0,32
2,1,1,0,1,0,0,1,0,0,0,0,0,0,0,0,0,1,1,0,1,0,1,0,0,0,1,0,0,56
1,1,1,0,0,1,0,0,1,0,0,0,1,1,1,0,0,1,1,0,1,0,1,0,1,0,0,0,0,36
1,1,1,0,0,0,0,0,0,0,0,1,0,0,1,0,0,1,0,0,1,0,0,0,1,0,1,1,0,20
1,0,1,0,0,0,1,0,1,0,1,0,0,0,1,0,0,1,1,0,0,0,1,0,0,0,1,0,0,19
1,1,1,0,0,0,1,1,0,1,0,0,1,0,1,0,0,0,1,0,1,1,1,0,0,0,1,0,0,55
2,0,0,0,0,0,0,0,1,0,0,1,1,1,1,0,0,0,1,0,1,1,1,0,0,0,1,0,0,43
2,1,1,1,1,1,1,1,1,1,1,1,1,1,1,1,0,1,1,0,0,1,1,0,0,0,1,0,0,36
1,0,0,0,0,0,0,1,1,0,0,1,1,1,0,1,0,1,1,0,1,1,1,0,0,0,0,0,0,20
1,1,0,0,0,0,0,0,0,0,0,1,1,1,1,0,0,1,1,0,0,0,1,0,0,0,1,1,0,35
1,0,1,0,0,0,0,0,1,0,0,0,0,0,1,1,0,1,1,0,0,1,1,0,0,0,1,0,0,20
1,1,1,0,0,0,0,0,1,0,0,0,1,1,0,0,0,1,1,0,1,0,1,0,0,0,1,0,0,47
2,1,0,0,1,0,0,0,1,1,0,0,1,1,1,1,0,1,1,0,1,0,1,0,0,1,0,0,0,53
2,0,1,0,1,0,0,0,0,1,0,1,1,0,0,1,0,1,1,0,1,0,1,0,0,0,0,1,0,62
2,1,1,1,1,0,0,0,0,1,0,0,1,1,0,0,0,1,1,0,1,1,1,0,0,0,0,0,0,59
2,1,1,1,1,0,0,1,1,1,1,1,1,0,0,1,0,0,1,0,1,0,1,0,0,1,1,0,0,35
1,0,1,0,1,0,0,0,1,0,0,1,0,0,0,0,0,0,1,0,1,1,1,0,0,0,1,0,0,20
2,0,1,0,1,0,0,0,1,1,0,1,1,1,1,1,0,0,1,0,1,1,1,0,0,0,1,0,0,21
1,0,0,0,0,1,1,0,1,1,0,0,1,1,1,0,0,0,1,0,1,1,1,0,1,0,0,0,0,36
1,1,1,0,0,0,0,0,0,1,0,0,0,0,1,0,0,1,1,0,0,1,0,0,1,0,1,0,0,57
1,1,1,0,1,0,0,0,1,0,0,0,0,0,1,1,0,1,1,0,0,1,1,0,0,0,1,0,0,49
1,1,1,0,1,0,0,0,1,1,0,0,0,0,1,1,0,0,1,0,1,1,1,0,0,0,0,0,0,57
2,0,0,0,0,0,0,0,0,0,0,1,1,0,1,1,0,0,1,0,1,1,1,0,1,0,0,0,0,66
1,1,1,0,0,0,0,1,0,0,0,0,0,0,1,0,0,1,1,0,1,0,1,0,1,0,0,0,0,38
1,0,1,0,0,0,0,1,0,0,0,0,0,1,1,0,0,0,1,0,1,0,1,0,1,0,1,0,0,48
1,1,1,0,0,0,0,0,0,0,0,0,1,0,0,0,0,1,1,0,1,0,1,0,0,0,1,0,0,45
2,1,1,0,0,0,0,1,0,1,0,1,1,0,1,1,0,1,1,0,1,1,1,0,0,0,0,0,0,29
2,0,1,0,0,0,0,0,0,0,0,0,0,0,0,0,0,1,0,0,0,0,0,0,0,0,1,1,0,42
2,0,1,0,0,0,0,0,0,1,0,0,0,0,1,0,0,0,1,0,1,0,1,0,1,0,1,0,0,44
2,0,1,0,0,0,0,1,1,0,0,0,0,0,1,0,0,0,1,0,1,1,1,0,1,0,0,0,0,50
1,1,1,0,1,0,1,0,0,1,0,1,1,1,1,0,0,0,1,0,1,1,1,0,0,0,1,0,0,32
2,0,1,0,1,0,0,0,1,0,0,1,1,1,1,1,0,1,1,0,1,1,1,0,0,0,0,0,0,55
1,1,1,0,1,1,0,0,1,0,0,1,1,1,1,1,0,1,0,0,1,1,1,0,0,1,0,0,0,62
1,0,0,0,0,1,0,0,0,0,1,0,0,1,0,1,0,1,1,0,0,1,1,0,0,0,1,0,0,70
2,1,1,1,1,0,0,1,0,1,0,0,1,0,1,0,0,1,1,0,1,0,0,0,1,0,1,0,0,38
2,1,1,1,1,0,0,0,0,1,0,0,0,0,0,1,0,1,1,0,1,0,1,0,0,0,1,0,0,27
1,1,1,0,0,0,0,1,1,0,0,0,1,1,1,0,0,1,1,0,0,1,1,0,0,0,0,1,0,32
1,0,0,0,1,0,0,0,0,0,0,1,0,1,1,1,0,1,0,0,1,0,1,0,1,0,1,0,0,56
2,1,1,0,0,0,0,0,0,0,1,0,0,0,0,0,0,1,1,0,1,0,1,1,0,0,0,0,0,53
2,1,1,0,1,0,0,1,0,0,0,0,0,0,1,0,0,1,1,0,0,1,1,0,0,0,0,0,0,28
2,1,1,1,0,0,0,1,1,0,1,1,1,0,1,1,0,1,1,0,1,1,1,0,0,0,0,0,0,43
2,0,1,1,0,0,0,0,1,0,0,0,1,1,1,1,0,0,1,0,1,0,1,0,0,0,1,0,0,57
2,0,1,0,1,0,0,1,0,0,0,1,0,0,0,0,0,0,1,0,1,1,1,0,0,0,1,0,0,64
1,1,1,0,1,0,0,1,0,1,0,1,1,1,1,1,0,1,0,0,1,0,1,0,0,1,0,0,0,65
1,1,1,0,0,0,0,0,1,0,0,1,1,1,1,0,0,1,1,0,1,0,1,0,1,0,0,0,0,63
1,1,1,0,0,0,0,0,0,0,0,0,1,0,1,0,0,1,1,0,1,0,1,0,0,0,0,0,0,32
2,1,1,0,0,0,1,0,1,0,0,1,1,1,1,1,0,1,1,0,1,0,1,0,0,0,1,0,0,40
1,1,1,1,1,1,1,1,1,1,1,1,1,1,1,1,0,0,1,0,1,1,1,0,1,0,0,0,0,31
1,1,1,0,1,1,0,0,0,1,0,1,1,1,1,1,0,1,0,0,1,1,1,0,0,0,1,0,0,23
1,1,0,0,0,0,1,0,0,0,0,0,0,1,1,0,0,0,1,0,1,1,1,0,0,0,1,0,0,68
1,0,0,0,0,0,0,0,1,0,0,1,0,1,1,0,0,1,1,0,0,0,1,0,0,0,1,1,0,36
2,0,1,0,1,0,0,0,0,1,0,1,0,1,1,0,0,0,1,0,1,0,1,0,1,0,1,0,0,36
2,0,1,0,0,0,0,0,1,0,0,1,1,0,1,0,0,1,1,0,1,1,0,0,0,0,1,0,0,48
1,0,0,0,0,0,0,0,1,0,0,0,1,1,1,1,0,0,1,0,1,1,1,0,0,0,1,0,0,20
1,1,1,0,1,1,0,1,1,1,1,1,1,1,1,1,0,0,1,0,1,1,1,0,1,0,0,0,0,40
2,1,1,0,0,1,0,0,1,0,0,0,1,1,1,0,0,0,1,0,1,1,1,0,0,0,1,0,0,35
2,0,1,1,1,0,0,0,1,0,0,0,1,0,1,1,0,0,1,0,1,0,1,0,1,0,1,0,0,34
2,0,1,0,1,0,0,0,0,0,0,1,0,1,0,0,0,0,1,0,1,0,1,1,0,1,0,0,0,52
2,1,1,1,1,1,1,1,1,1,1,0,1,0,1,1,0,1,1,0,1,0,1,0,1,0,0,0,0,18
2,1,1,0,0,0,1,1,0,0,0,0,0,0,1,0,0,0,1,0,0,0,1,1,1,1,0,0,0,40
1,0,1,0,0,0,0,0,0,0,0,0,0,0,0,0,0,1,0,0,0,0,1,1,1,0,0,1,0,70
1,1,1,0,0,0,0,1,0,0,0,1,1,1,1,0,0,1,1,0,1,0,1,0,0,0,1,0,0,20
1,0,1,1,0,0,0,0,0,0,0,1,0,0,1,0,0,1,0,0,1,0,1,0,0,0,1,1,0,18
2,1,1,0,1,1,0,1,1,0,1,0,1,1,1,0,0,1,1,0,1,1,1,0,0,0,0,0,0,45
2,1,1,0,0,0,0,1,1,0,0,1,1,1,1,0,0,0,1,0,1,1,1,0,1,0,0,0,0,48
1,1,0,0,1,0,0,0,0,0,0,0,0,0,1,0,0,1,1,0,1,1,1,0,0,0,0,0,0,36
2,0,1,1,1,0,0,1,1,0,0,1,1,0,1,1,0,1,1,0,1,1,1,0,0,0,0,0,0,36
2,0,1,0,1,0,0,0,0,1,0,1,1,1,1,1,0,1,1,0,0,0,0,1,0,0,1,1,0,43
1,0,0,0,0,0,0,0,1,0,0,1,0,0,0,1,0,1,0,0,1,0,0,1,0,0,1,0,0,42
1,1,1,0,1,0,0,0,1,1,0,0,1,1,1,0,0,1,1,0,1,1,0,0,0,0,1,0,0,32
1,1,1,0,1,1,1,0,0,1,1,0,1,1,1,1,0,1,1,0,1,1,1,0,0,0,0,0,0,57
2,1,1,0,1,0,0,1,1,0,1,0,1,0,1,1,0,1,1,0,1,0,1,0,1,0,0,0,0,32
1,1,1,0,1,1,1,1,1,0,1,1,1,1,1,1,0,1,1,0,0,1,1,0,1,0,0,0,0,64
1,1,1,1,1,1,1,1,1,1,1,1,1,1,1,1,0,1,0,0,1,1,1,0,1,0,0,0,0,64
2,0,1,0,1,0,0,0,1,1,0,0,0,0,0,0,0,1,0,0,1,0,1,1,0,0,1,0,0,53
2,1,1,0,1,0,1,0,1,0,1,0,1,1,1,1,0,1,1,0,0,0,1,0,1,0,1,0,0,56
2,1,1,0,0,0,0,0,1,1,0,1,1,1,1,1,0,0,1,0,1,1,1,0,0,0,1,0,0,20
1,1,1,0,0,0,0,1,1,0,1,1,0,1,1,1,0,1,1,0,1,0,1,0,1,0,0,0,0,56
1,1,1,0,1,0,0,0,0,0,0,1,0,1,0,0,0,1,0,0,0,1,1,0,0,0,0,1,0,49
2,1,1,0,0,0,0,1,1,1,0,0,0,1,0,0,0,1,1,0,1,0,1,0,0,1,0,0,0,51
2,1,1,0,1,0,0,0,1,0,0,0,0,0,1,1,0,1,1,0,1,0,1,0,0,0,1,0,0,39
2,0,1,0,0,0,0,0,0,0,0,1,1,0,1,0,0,1,1,0,0,0,1,0,1,0,1,0,0,25
1,1,1,0,0,0,0,0,0,0,1,1,0,0,1,1,0,0,0,0,0,0,0,0,0,0,1,0,0,46
1,1,1,1,1,0,0,1,0,0,0,0,1,1,1,1,0,0,1,0,1,0,1,0,1,0,1,0,0,56
2,1,0,0,1,1,0,0,1,0,0,0,1,1,0,0,0,0,1,0,1,1,1,0,1,0,0,0,0,68
2,1,1,0,1,0,0,1,1,0,0,0,1,0,1,1,0,0,1,0,1,0,1,1,0,0,1,0,0,68
2,0,0,0,0,0,0,1,0,0,0,0,0,0,0,1,0,0,1,0,1,0,1,0,1,0,1,0,0,33
1,0,0,0,1,0,0,0,0,0,0,0,1,0,0,1,0,1,1,0,1,0,1,0,0,0,1,0,0,61
1,1,1,0,1,0,1,1,1,0,1,0,1,1,1,1,0,1,1,0,1,1,1,0,0,0,0,0,0,50
1,1,0,0,1,0,0,1,0,0,1,0,0,1,0,1,0,1,1,0,1,0,1,0,1,0,0,0,0,57
2,0,1,0,1,0,0,1,0,0,0,1,1,0,0,1,0,1,1,0,1,0,1,0,1,0,0,0,0,19
2,0,1,0,1,0,0,1,0,1,0,1,1,1,0,0,0,0,0,0,1,1,1,0,1,0,1,0,0,50
1,1,1,0,0,0,0,1,0,0,0,1,0,0,1,1,0,1,1,1,0,0,1,0,1,0,0,0,0,33
1,1,1,0,1,0,1,0,0,0,0,1,0,1,1,0,0,1,1,0,1,0,1,0,0,0,0,0,0,54
1,0,1,1,1,0,0,0,0,0,0,1,1,1,1,1,0,1,1,0,1,0,1,0,0,0,1,0,0,50
1,0,0,0,0,0,0,0,0,1,0,0,0,0,1,1,0,1,1,0,1,0,1,0,1,0,0,0,0,56
2,0,1,0,0,0,0,0,1,0,0,0,0,0,1,1,0,1,1,0,1,0,1,0,1,0,0,0,0,56
2,1,0,0,1,0,0,1,0,0,0,0,0,0,1,0,0,1,1,0,1,0,1,0,0,0,0,0,0,25
2,0,1,0,0,0,0,0,1,1,0,1,1,0,0,1,0,0,1,0,1,0,1,0,1,0,1,0,0,35
1,1,1,0,1,0,0,0,0,0,0,0,1,1,1,1,0,1,1,0,0,0,1,1,1,0,0,0,0,55
2,0,1,0,1,0,0,1,0,0,0,1,0,0,0,0,0,1,0,0,1,0,1,1,0,0,1,0,0,56
2,0,1,0,1,0,0,0,0,0,0,1,1,0,1,1,0,1,1,0,0,0,1,0,0,0,1,1,0,55
2,0,0,0,0,0,0,0,1,0,0,0,0,1,0,0,0,1,1,0,1,0,1,0,0,0,1,0,0,42
1,0,1,0,1,0,0,0,1,0,0,0,0,1,0,0,0,1,0,0,1,0,1,0,0,0,1,1,0,54
2,1,1,0,0,0,0,0,0,0,0,1,0,0,1,1,0,1,0,0,1,0,1,1,0,0,1,0,0,44
2,1,1,0,1,0,0,0,0,0,0,1,1,1,1,0,0,1,1,0,1,0,1,0,0,0,1,0,0,52
2,1,1,1,1,1,0,1,1,0,0,1,1,1,1,1,0,1,1,0,0,1,1,0,0,0,1,0,0,50
2,1,1,0,0,0,0,0,0,0,0,1,0,1,1,1,0,1,1,0,1,1,0,0,0,0,1,0,0,19
1,1,1,0,0,0,1,0,1,0,0,1,1,1,1,1,0,0,1,0,1,1,1,0,1,0,0,0,0,49
2,1,0,0,1,1,0,0,1,0,0,0,1,1,1,1,0,1,1,0,1,0,1,0,1,0,0,0,0,51
2,0,1,0,1,0,0,0,0,0,0,0,1,0,0,0,0,1,1,0,0,1,1,0,1,0,0,0,0,37
2,0,1,1,1,0,0,0,0,0,0,1,1,0,0,1,0,1,1,0,0,0,1,0,1,0,1,0,0,34
2,0,1,0,0,0,0,0,1,0,0,0,0,1,0,0,0,1,0,0,1,1,1,0,0,0,1,0,0,21
1,1,1,0,1,0,1,0,1,0,0,1,1,1,1,1,0,1,1,0,1,0,1,0,0,0,1,0,0,32
1,1,1,0,1,0,0,0,1,0,0,0,0,0,0,1,0,0,0,0,1,1,1,0,1,0,1,0,0,49
2,0,1,0,1,0,0,0,0,0,0,0,0,0,1,0,0,0,1,0,1,0,1,1,1,0,0,0,0,59
1,1,1,0,0,0,0,1,0,0,0,0,0,1,0,0,0,1,1,0,0,1,1,0,1,0,0,0,0,48
2,1,1,0,0,1,0,0,1,0,0,0,0,1,0,0,0,1,1,0,1,1,1,0,0,0,0,0,0,43
2,0,1,0,1,1,0,0,1,0,0,1,1,1,1,0,0,1,1,0,1,0,1,0,0,0,1,0,0,37
1,0,0,0,0,0,0,0,0,0,0,1,0,0,1,0,0,1,1,0,1,0,1,1,0,0,0,0,0,42
1,1,1,0,1,0,0,0,1,0,0,0,0,0,1,0,0,1,1,0,1,0,1,0,0,0,1,0,0,44
1,0,1,0,1,0,0,1,0,0,0,1,1,0,1,0,0,1,1,0,0,1,1,0,0,0,1,0,0,24
2,1,1,0,0,0,0,0,1,0,0,0,0,0,1,1,0,1,1,0,1,0,1,0,1,0,0,0,0,23
2,1,1,0,1,0,0,0,0,0,0,0,0,0,0,1,0,1,1,0,1,0,1,0,0,0,1,0,0,34
2,1,1,0,0,0,0,0,0,0,0,0,0,1,1,0,0,1,0,0,1,0,1,0,0,0,1,0,0,42
1,0,1,0,0,0,0,0,0,1,0,0,0,0,0,0,0,1,0,0,1,0,1,1,0,0,1,0,0,63
1,1,1,0,0,0,1,0,0,0,0,1,1,1,1,0,0,1,1,0,1,1,1,0,0,0,0,0,0,49
2,0,1,0,1,0,0,0,0,1,0,0,1,1,1,1,0,1,0,0,1,1,1,0,0,0,1,0,0,20
2,1,1,1,1,1,1,1,1,1,1,1,1,1,1,1,0,1,0,0,1,1,1,0,0,0,1,0,0,21
1,1,0,0,1,0,0,0,1,1,0,1,1,1,1,0,0,0,0,0,1,1,1,0,1,0,1,0,0,62
2,1,1,1,1,0,0,1,1,0,0,0,1,1,1,1,0,0,1,0,1,1,1,0,1,0,0,0,0,47
1,1,1,0,1,0,0,0,0,0,0,0,0,1,0,1,0,1,1,0,1,0,1,0,0,0,0,1,0,58
1,1,1,1,1,1,1,1,1,1,1,1,1,1,1,1,0,0,1,0,1,1,1,0,0,0,1,0,0,38
2,1,1,0,1,0,0,1,0,0,0,0,1,0,1,1,0,1,1,0,1,0,1,0,0,0,1,0,0,50
2,1,1,0,1,0,0,0,0,0,0,1,0,0,0,1,0,1,0,0,0,0,1,1,0,0,1,1,0,51
2,1,0,0,1,1,0,0,0,0,0,0,1,1,1,1,0,0,0,0,1,1,1,0,0,0,0,0,0,49
2,1,1,0,1,0,1,1,0,0,0,1,1,1,1,1,0,0,0,0,0,1,1,0,0,0,0,0,0,26
1,1,0,0,1,0,0,0,0,0,0,0,1,0,0,1,0,1,0,0,1,0,1,0,0,0,0,0,0,58
2,0,0,0,0,0,0,0,0,0,0,0,1,0,0,1,0,1,0,0,0,0,1,0,0,0,1,0,0,35
2,1,0,0,1,0,0,0,0,0,0,0,1,1,1,1,0,0,0,0,0,1,1,0,0,0,0,0,0,30
2,1,0,0,1,0,0,0,0,0,0,0,1,0,0,1,0,1,0,0,0,1,1,0,0,0,0,0,0,37
2,1,1,0,1,0,0,0,0,0,0,1,1,0,0,1,0,1,0,0,1,1,1,0,0,0,1,0,0,54
1,0,0,0,1,0,0,0,0,0,0,0,1,0,0,1,0,1,0,0,1,0,1,0,0,0,0,0,0,60
1,1,0,0,1,1,0,0,0,0,0,0,0,1,0,1,0,1,1,0,1,1,1,0,0,0,0,0,0,43
1,1,0,0,0,0,0,0,0,0,0,0,1,1,1,0,0,1,0,0,1,1,1,0,0,0,0,0,0,33
1,1,0,0,1,0,0,0,0,0,0,1,0,0,0,1,0,0,0,0,1,0,0,1,0,1,0,0,0,69
1,1,0,0,1,0,0,0,0,0,0,0,1,0,0,0,0,1,1,0,1,1,1,0,0,0,0,0,0,54
2,1,0,0,0,0,0,0,0,0,0,1,0,0,0,1,0,1,0,0,0,1,0,0,0,0,1,0,0,36
1,1,0,0,0,0,0,0,0,0,0,0,1,0,0,1,0,1,0,0,1,1,1,0,0,0,1,0,0,51
2,0,0,0,0,0,0,0,0,0,0,1,1,0,0,1,0,1,0,0,1,0,1,0,0,0,1,1,0,53
1,0,0,0,1,0,0,0,0,0,0,1,1,0,0,1,0,1,0,0,0,0,1,0,0,0,0,1,0,66
1,0,0,0,0,0,0,0,0,0,0,0,1,0,0,0,0,0,0,0,1,0,1,0,0,0,0,0,0,47
2,0,0,0,0,0,0,0,0,0,0,1,1,0,0,1,0,1,1,0,0,1,1,0,0,0,1,0,0,42
1,1,0,0,1,0,0,1,0,0,1,0,1,1,1,1,0,1,0,0,0,0,0,0,0,0,0,0,0,28
2,1,1,0,1,0,0,0,0,0,0,1,1,1,1,1,0,1,0,0,0,0,1,0,0,0,0,0,0,33
1,1,1,0,0,0,0,0,1,0,0,1,0,0,0,1,0,1,1,0,1,0,0,0,1,0,0,0,0,26
1,1,1,0,1,0,0,1,1,0,1,1,1,1,1,1,0,0,1,0,1,1,1,0,0,0,1,0,0,25
1,.b,.b,.b,.b,.b,.b,.b,.b,.b,.b,.b,.b,.b,.b,.b,.b,.b,.b,.b,.b,.b,.b,.b,.b,.b,.b,.b,.b,45
1,1,1,0,1,0,0,1,0,1,1,1,1,1,1,1,0,1,1,0,1,0,1,0,0,1,0,0,0,65
2,1,1,0,1,0,0,0,0,0,0,0,0,0,0,0,0,1,1,0,1,1,1,0,0,0,0,0,0,70
1,0,1,0,1,0,0,0,1,1,0,1,1,1,1,1,0,1,1,0,1,0,1,0,0,1,0,0,0,63
1,1,1,0,0,0,0,0,1,0,0,1,1,0,1,1,0,1,0,0,1,0,1,0,0,0,1,1,0,50
1,0,1,0,1,1,0,0,1,0,0,0,0,1,1,0,0,1,1,0,1,0,1,0,0,0,1,0,0,27
2,1,1,1,1,1,0,1,1,1,1,1,1,1,1,1,0,0,1,0,1,1,1,0,0,0,1,0,0,24
1,0,1,0,1,0,0,0,0,0,0,0,0,1,1,1,0,1,1,0,1,0,1,0,0,0,1,0,0,58
1,0,1,0,0,1,1,0,1,1,0,0,0,1,1,0,0,1,1,0,0,0,1,0,1,0,1,0,0,21
2,1,1,0,0,0,0,1,1,0,1,0,1,0,1,0,0,1,1,0,1,0,1,0,1,0,0,0,0,35
1,1,1,0,1,0,0,0,0,0,0,0,0,1,1,0,0,1,1,1,1,0,1,0,0,0,0,0,0,57
2,1,1,0,0,0,0,0,0,0,0,0,0,1,0,1,0,1,0,0,1,0,1,0,1,0,0,1,0,25
2,0,1,0,0,0,0,0,0,0,0,1,1,0,1,0,0,1,0,0,1,1,1,0,0,0,1,0,0,36
2,1,1,1,1,0,0,1,1,1,0,1,1,1,0,1,0,1,1,0,0,0,1,1,0,1,0,0,0,66
1,0,1,0,0,0,0,0,0,0,0,1,1,0,1,1,0,0,1,0,1,1,1,0,1,0,0,0,0,64
1,1,0,0,0,0,0,0,0,0,1,0,0,0,0,0,0,1,0,0,1,0,0,1,0,0,1,0,0,53
1,1,0,0,1,0,0,0,0,0,0,1,1,1,1,1,0,1,0,0,1,0,1,0,1,0,1,0,0,67
2,0,1,0,0,0,0,0,1,0,0,0,1,1,0,0,0,0,1,0,1,0,1,0,0,0,1,0,0,45
1,0,1,0,1,1,0,1,0,0,0,0,0,0,1,1,0,1,1,0,1,0,1,0,0,0,1,0,0,35
2,1,1,0,1,0,1,0,0,0,1,0,0,1,0,0,0,1,0,0,0,0,1,0,0,1,0,1,0,57
2,0,1,0,0,0,0,0,1,0,0,0,1,0,0,1,0,1,1,0,1,0,1,0,0,0,1,0,0,32
1,0,1,0,0,0,0,1,0,0,0,1,0,1,1,0,0,1,1,0,1,0,1,1,0,0,0,0,0,49
2,1,1,0,0,0,0,0,0,0,0,0,0,0,1,0,0,1,1,0,1,0,1,0,0,0,1,0,0,63
2,0,1,1,1,0,0,1,1,1,0,1,1,1,1,0,0,0,1,0,0,1,1,1,1,0,0,0,0,55
2,0,1,0,1,0,0,0,0,0,0,0,0,0,0,1,0,1,1,0,1,0,1,0,0,0,1,0,0,55
1,0,0,0,0,0,0,0,0,0,0,0,0,0,1,1,0,0,1,0,1,1,1,0,1,0,0,0,0,42
2,1,1,0,1,0,0,0,1,1,1,1,1,1,1,1,0,1,1,0,1,0,1,0,0,0,1,0,0,47
2,0,0,0,0,0,0,0,0,0,0,0,0,0,0,0,1,1,1,0,1,0,0,0,1,0,1,0,0,67
2,1,0,0,0,0,0,0,0,0,0,0,1,1,0,1,0,1,1,0,1,1,1,0,0,0,0,0,0,38
1,1,1,0,1,0,0,1,1,0,1,1,0,0,0,1,0,1,1,0,1,0,1,0,0,0,1,0,0,45
1,1,1,1,1,1,0,1,1,1,1,0,1,0,1,1,0,1,0,0,1,0,0,0,0,0,1,1,0,21
1,1,1,0,1,0,0,0,0,1,0,0,0,1,0,0,0,0,1,0,1,0,1,0,1,0,1,0,0,32
1,1,0,0,0,0,0,0,0,0,0,1,1,0,1,0,0,1,1,0,1,1,1,0,0,0,0,0,0,41
1,1,1,0,1,1,1,0,0,1,0,0,1,1,1,0,0,1,0,0,1,1,0,0,0,0,0,1,0,21
1,1,1,0,0,0,0,0,0,0,0,0,0,0,1,0,0,1,1,0,1,0,1,0,0,0,0,1,0,44
1,0,1,0,1,0,0,0,1,0,0,1,0,0,1,1,0,0,1,0,1,1,1,0,0,0,1,0,0,64
1,0,1,0,0,0,0,0,0,0,0,0,1,0,1,0,0,0,1,0,1,0,1,0,1,0,1,0,0,25
1,1,1,0,0,0,0,0,1,1,0,1,1,1,1,1,0,0,1,0,1,0,1,0,0,1,0,1,0,51
1,1,0,0,1,0,0,0,0,0,0,0,1,0,1,0,0,0,1,0,1,0,1,0,0,0,1,0,0,51
1,1,1,0,0,0,0,1,1,1,0,1,1,1,1,1,0,1,1,0,0,0,1,1,0,0,0,1,0,21
2,0,1,0,1,0,0,0,1,0,0,1,1,1,1,0,0,1,1,0,1,0,1,0,1,0,0,0,0,47
1,0,1,1,0,0,0,0,0,0,0,0,0,0,0,1,0,1,0,0,1,1,1,0,0,0,1,0,0,53
1,1,0,0,1,0,0,0,1,0,0,1,1,1,1,0,0,1,1,0,1,1,1,0,0,0,0,0,0,29
1,0,0,0,1,0,0,0,0,1,0,1,0,0,0,0,0,1,1,0,1,0,1,0,1,0,0,0,0,46
2,0,1,1,0,0,0,1,1,1,1,1,1,0,1,1,0,0,1,0,1,1,1,0,0,0,1,0,0,40
2,1,1,0,0,0,1,1,1,0,0,0,1,0,1,0,0,1,1,0,1,0,1,0,0,0,1,0,0,31
2,1,1,0,0,0,0,0,1,0,0,0,1,1,0,1,0,1,1,0,1,0,1,0,1,0,0,0,0,69
2,0,1,0,0,0,0,0,0,0,0,0,1,0,0,0,0,1,1,0,1,0,1,1,0,0,0,0,0,52
1,0,1,1,1,0,0,1,0,1,0,0,1,0,1,0,0,1,1,0,0,1,1,0,1,0,0,0,0,35
2,0,1,0,1,0,0,1,0,0,0,0,0,0,0,0,0,1,1,0,1,0,1,0,0,0,1,0,0,64
2,1,1,0,0,0,0,1,0,0,0,1,1,0,0,1,0,1,1,0,1,1,1,0,0,0,0,0,0,41
1,0,0,0,1,0,0,1,1,0,0,1,0,0,1,1,0,0,1,0,1,0,1,0,0,0,1,0,0,54
2,0,1,0,1,0,0,0,1,1,0,0,0,1,1,1,0,1,1,0,1,0,1,0,0,0,1,0,0,20
2,1,1,0,1,0,1,1,1,1,0,1,0,1,1,1,0,1,0,1,0,0,1,0,1,1,0,0,0,20
1,1,1,0,1,0,0,0,1,0,1,0,0,0,1,1,0,1,1,0,1,1,0,0,0,0,0,0,0,55
1,1,0,1,1,0,0,0,1,0,1,0,0,1,1,0,0,1,1,0,1,0,1,0,1,0,0,0,0,64
2,0,1,0,1,0,0,0,1,0,0,1,1,0,0,0,0,1,1,0,1,0,1,0,0,0,1,0,0,32
2,1,0,1,1,0,0,1,1,1,1,1,1,0,1,1,0,1,1,0,0,0,1,0,0,0,0,1,0,39
2,0,1,0,0,0,0,0,1,0,0,0,0,0,1,1,0,0,0,0,1,0,1,0,1,1,1,0,0,54
1,0,0,1,0,0,0,0,0,0,0,0,0,0,0,0,0,0,1,0,0,1,0,1,0,1,0,1,0,64
1,1,1,0,0,0,0,0,0,0,0,0,0,0,0,0,0,1,1,0,1,0,1,0,0,0,1,0,0,55
2,0,1,0,0,0,0,0,1,0,0,0,0,0,0,0,0,1,1,0,0,0,1,0,1,0,0,1,0,70
1,1,1,0,1,1,0,1,0,0,0,0,1,1,1,0,0,1,0,0,0,0,1,0,1,0,1,1,0,18
1,1,1,0,0,0,0,1,1,0,0,0,1,0,1,1,0,1,1,0,1,0,1,0,0,0,0,0,0,55
2,0,1,0,0,0,0,0,1,0,0,1,1,1,1,0,0,0,1,0,1,0,1,0,0,1,1,0,0,28
1,1,1,0,0,0,0,1,0,0,0,0,0,0,0,0,0,0,1,0,1,0,1,0,0,0,0,0,0,52
2,0,0,0,1,0,0,0,0,1,0,1,1,0,1,1,0,0,1,0,1,0,1,0,1,0,1,0,0,23
1,0,0,0,0,0,0,0,0,0,0,1,1,1,1,0,0,0,1,0,1,0,1,1,1,0,0,0,0,64
2,1,1,0,1,0,0,0,1,0,1,0,0,0,0,0,0,1,1,0,0,1,1,0,0,0,1,0,0,41
1,1,1,1,1,0,0,0,0,0,0,0,0,0,1,0,0,1,0,0,0,1,0,0,0,1,1,1,0,41
1,1,1,0,0,0,0,0,0,0,0,0,0,0,1,0,0,1,0,0,0,0,1,0,0,0,0,1,0,35
2,0,0,0,0,0,0,0,0,0,0,0,1,0,0,0,0,1,1,0,0,0,1,0,0,1,0,1,0,60
2,0,1,0,0,0,0,0,1,0,0,0,1,1,0,0,0,1,1,0,1,0,1,0,0,0,1,0,0,22
2,1,1,0,0,0,0,1,1,1,1,0,1,1,1,1,0,0,1,0,1,0,1,0,1,0,1,0,0,35
2,0,1,0,0,1,0,1,1,0,0,0,1,1,1,0,0,1,1,0,1,0,1,0,1,0,0,0,0,35
1,1,1,0,0,0,0,0,0,0,0,1,0,0,1,1,0,1,0,0,0,1,1,0,0,0,1,1,0,31
2,1,1,0,0,0,0,0,0,0,0,1,1,0,0,1,0,1,1,0,0,1,1,0,0,0,1,0,0,66
2,0,1,0,0,0,0,1,0,0,0,0,0,0,0,1,0,1,0,0,1,0,0,0,0,0,0,1,0,47
1,0,1,0,1,0,0,1,1,0,0,0,0,0,1,0,0,0,1,0,1,1,1,0,1,0,0,0,0,47
1,1,1,0,0,1,1,0,0,1,0,0,0,1,1,0,0,1,0,0,0,0,1,0,0,0,1,1,0,19
2,1,1,0,0,0,0,1,1,0,0,0,1,1,1,0,0,0,1,0,1,1,1,0,0,0,0,0,0,35
1,0,0,0,0,0,0,0,1,0,0,0,1,0,0,1,0,1,1,0,0,1,1,0,0,0,1,0,0,43
1,0,1,0,0,0,1,1,1,0,0,0,1,1,1,0,0,1,1,0,0,1,0,0,1,0,1,0,0,49
2,0,1,0,0,0,0,0,1,1,0,1,1,1,1,1,0,0,0,0,0,0,1,0,1,1,1,1,0,25
2,0,1,0,0,1,0,0,1,0,0,1,0,0,0,1,0,0,1,0,1,1,1,0,0,0,1,0,0,27
1,1,1,0,0,1,0,1,1,0,0,0,0,1,1,0,0,0,1,0,1,1,0,0,1,0,1,0,0,23
1,0,0,0,0,0,0,0,1,1,0,0,1,0,1,0,0,1,1,0,1,0,1,0,0,0,1,0,0,39
2,0,1,0,1,1,0,0,1,1,0,1,0,1,1,1,0,1,1,0,1,0,1,0,0,0,1,0,0,23
1,0,1,0,0,0,0,0,1,0,0,1,1,1,1,1,0,0,1,0,1,0,1,0,1,0,1,0,0,23
1,1,1,1,1,1,1,1,1,1,1,1,1,1,1,1,0,1,1,0,1,0,1,0,1,0,0,0,0,24
1,0,1,0,1,0,0,1,1,0,0,0,0,0,1,0,0,1,1,0,1,0,1,0,0,0,1,0,0,51
1,0,1,0,0,0,0,0,1,0,0,0,0,1,1,1,0,0,1,0,1,1,1,0,1,0,0,0,0,37
2,0,1,0,0,0,0,0,0,0,0,0,1,1,1,0,0,1,1,0,1,1,1,0,0,0,0,0,0,24
2,1,1,1,0,0,0,1,0,0,0,0,0,0,0,0,0,1,1,1,1,0,1,0,0,0,0,0,0,48
2,1,1,0,0,0,0,1,0,0,0,0,0,1,1,0,0,1,1,0,0,0,1,0,1,0,1,0,0,27
2,0,1,0,0,0,0,1,0,0,0,0,1,0,0,1,0,1,1,0,1,0,1,0,0,0,1,0,0,52
2,1,0,1,1,0,0,1,1,0,1,1,1,1,1,1,0,1,1,0,1,0,1,0,0,1,0,0,0,24
2,0,1,1,0,0,0,0,1,1,0,1,1,1,1,1,0,1,1,0,1,0,1,0,0,1,0,0,0,47
2,1,1,1,1,1,0,1,1,1,0,1,1,0,1,1,0,0,1,0,1,0,1,0,1,1,0,0,0,43
2,1,0,0,0,0,0,0,0,0,0,1,1,1,0,1,0,1,1,0,1,0,1,0,0,0,0,0,0,53
2,1,1,0,0,0,0,0,1,0,0,1,1,0,0,1,0,1,1,0,1,0,1,0,1,0,0,0,0,56
2,1,1,1,0,1,1,1,1,0,0,0,0,1,1,1,0,0,1,0,1,0,1,0,1,0,1,0,0,41
2,0,1,0,0,0,0,0,1,0,0,1,0,0,1,0,0,1,1,0,1,1,1,0,0,0,0,0,0,25
1,1,1,1,1,1,1,1,1,1,1,1,1,1,1,1,0,0,1,0,1,0,1,0,0,1,1,0,0,38
1,0,1,0,0,0,0,0,1,0,0,0,1,0,0,0,0,0,1,0,1,0,1,0,1,0,1,0,0,48
2,1,1,0,1,0,0,0,1,0,0,0,1,1,1,1,0,0,1,0,1,0,1,0,1,0,1,0,0,32
1,1,1,0,1,1,0,0,1,0,0,0,1,1,1,1,0,1,1,0,1,0,1,0,0,0,1,0,0,29
2,1,1,0,0,0,0,1,0,0,0,0,1,0,1,0,0,1,1,0,0,1,1,0,0,0,1,0,0,30
2,1,0,0,0,0,0,1,1,1,0,0,0,1,1,1,0,1,1,0,1,0,1,0,0,0,1,0,0,41
2,0,1,0,0,0,0,0,0,0,0,0,1,1,1,0,0,0,1,0,1,1,1,0,1,0,0,0,0,39
2,0,1,0,0,0,0,0,1,0,0,0,0,0,1,0,0,1,1,0,1,0,1,0,0,0,1,0,0,45
1,1,1,0,0,0,1,0,0,0,0,1,1,1,1,0,0,0,1,0,1,1,1,0,1,0,0,0,0,35
1,1,0,0,1,0,0,0,1,0,0,0,0,0,0,1,0,1,1,0,1,0,1,0,0,0,1,0,0,44
1,0,0,0,0,0,0,0,1,0,0,0,0,0,1,0,0,0,1,0,1,0,0,0,0,0,1,0,0,57
2,1,1,0,0,0,0,0,1,0,0,0,0,0,1,1,0,1,1,0,0,1,1,0,0,0,1,0,0,30
1,0,1,0,1,0,1,1,0,1,1,1,1,1,1,1,0,1,1,0,1,0,1,0,0,1,0,0,0,65
2,1,1,1,1,1,1,1,1,1,1,1,1,1,1,1,0,1,1,0,1,0,1,0,0,0,1,0,0,28
2,1,1,0,1,0,1,0,1,0,0,1,1,1,1,1,0,1,1,0,1,0,1,0,0,0,1,0,0,54
1,1,1,0,0,0,0,0,1,0,0,0,1,1,1,1,0,1,1,0,1,0,1,0,0,0,1,0,0,52
1,1,1,0,1,1,1,1,1,1,1,1,1,1,1,1,0,1,1,0,1,0,1,0,0,0,1,0,0,58
2,0,1,1,1,0,0,0,0,1,0,0,1,0,1,0,0,1,0,0,1,0,1,1,0,0,0,1,0,65
1,1,0,0,1,0,0,0,0,0,0,0,0,1,1,0,0,1,0,0,0,1,0,1,0,0,1,1,0,25
1,0,0,0,0,0,0,0,0,0,0,1,0,0,0,0,0,1,0,0,1,0,1,0,1,0,0,0,0,38
2,1,1,1,1,0,0,1,0,0,0,1,0,0,1,1,0,1,1,0,0,0,1,0,0,0,1,1,0,30
1,1,1,0,1,1,0,0,1,0,0,1,1,1,1,1,0,1,1,0,0,1,1,0,0,0,1,0,0,37
2,1,1,1,1,0,0,1,1,1,1,1,1,1,1,1,0,1,1,0,1,1,1,0,0,0,0,0,0,51
1,1,1,0,1,0,0,1,1,1,1,1,1,1,1,1,0,1,0,0,1,0,1,1,1,0,0,0,0,57
1,1,1,0,1,0,0,0,1,1,0,1,1,1,1,1,0,1,0,0,1,0,1,0,0,1,0,1,0,64
1,1,1,0,0,0,0,0,0,0,0,0,1,1,1,0,0,1,1,0,1,0,0,0,1,0,1,0,0,31
2,0,1,0,0,0,0,0,0,0,0,0,1,0,1,1,0,1,1,0,1,1,0,0,0,0,1,0,0,29
1,0,1,0,1,0,0,0,1,0,0,0,1,1,0,1,0,1,1,0,1,1,1,0,0,0,0,0,0,61
1,0,0,0,1,0,0,0,0,0,0,1,1,0,1,1,0,1,1,0,0,0,1,0,0,0,1,0,0,35
2,0,1,0,0,0,0,1,0,0,0,0,0,0,1,1,0,0,1,0,1,1,1,0,1,0,0,0,0,28
1,0,1,1,0,1,0,0,0,0,1,0,1,0,1,1,0,0,1,0,1,0,1,0,0,0,1,0,0,21
2,0,1,0,0,0,0,1,0,0,0,0,0,0,1,1,0,1,1,0,0,0,1,0,0,0,1,1,0,36
2,1,1,0,1,0,1,0,1,0,0,1,1,1,1,1,0,1,1,0,1,1,1,0,0,0,0,0,0,48
1,1,0,0,1,1,0,1,1,0,0,1,0,1,1,1,0,1,1,0,1,0,0,0,1,0,0,0,0,28
1,1,0,0,1,0,0,0,1,0,0,1,1,1,1,1,0,1,1,0,1,0,1,0,0,0,0,1,0,38
2,1,1,0,1,0,0,0,1,0,1,0,0,1,0,0,0,1,1,0,1,0,1,0,0,0,1,0,0,24
2,0,1,0,1,0,0,0,0,0,0,0,0,0,1,1,0,1,1,0,1,0,1,0,0,0,1,0,0,47
2,0,0,0,0,0,0,0,1,0,0,0,0,0,1,0,0,0,1,0,1,1,1,0,1,0,0,0,0,48
1,0,1,0,0,1,1,0,1,1,0,1,1,1,1,1,0,0,1,0,1,1,1,0,1,0,0,0,0,30
1,1,1,0,0,0,0,0,1,0,0,0,1,0,1,0,0,1,1,0,1,0,1,0,0,0,1,0,0,54
2,0,1,0,0,0,0,0,1,1,1,0,1,0,1,1,0,1,1,0,0,0,1,0,0,0,1,1,0,46
2,0,1,0,1,1,1,0,1,1,0,1,1,1,1,1,0,1,1,0,1,0,1,0,1,0,0,0,0,68
1,1,1,0,1,0,0,0,0,0,0,0,1,0,1,0,0,1,0,0,1,0,1,0,0,0,1,0,0,64
1,1,0,0,1,0,0,1,0,0,0,0,0,0,0,1,0,1,0,0,1,1,1,0,0,0,1,0,0,35
1,1,1,0,1,1,1,1,1,0,0,0,1,1,1,1,0,0,1,0,1,1,1,0,1,0,0,0,0,19
1,1,1,0,1,0,0,0,1,0,0,0,1,0,1,0,0,1,1,0,1,0,1,0,0,0,1,0,0,44
2,0,1,1,0,0,1,0,1,0,0,1,0,1,1,1,0,1,1,0,1,0,1,0,0,0,0,0,0,60
1,1,1,0,0,0,0,0,0,1,0,0,0,0,0,0,0,0,1,0,1,1,1,0,1,0,0,0,0,51
2,0,0,0,0,0,0,1,1,0,0,1,1,1,1,1,0,1,1,0,1,0,1,0,1,0,0,0,0,47
1,0,0,0,0,0,0,0,1,0,0,0,0,0,1,0,0,1,1,0,0,0,1,0,1,0,0,0,0,25
1,1,1,0,1,1,0,0,1,0,1,1,1,0,1,1,0,1,1,0,0,1,1,0,0,0,0,1,0,37
2,0,1,0,1,0,0,0,1,1,0,1,1,1,1,0,0,0,1,0,1,0,1,0,1,1,0,0,0,49
2,0,1,0,0,0,0,0,1,1,0,1,1,1,1,0,0,0,1,0,1,1,1,0,1,0,0,0,0,53
2,0,1,0,1,0,0,1,1,0,1,0,1,1,1,1,0,1,1,0,1,0,1,0,1,0,0,0,0,51
2,1,1,0,0,1,0,1,1,0,0,0,0,1,1,1,0,1,1,0,0,0,1,0,0,0,1,1,0,26
1,1,1,0,0,0,0,0,1,0,0,0,0,0,1,1,0,1,1,0,1,0,1,0,0,0,1,0,0,39
2,1,1,0,1,0,0,1,1,0,0,0,1,1,1,1,0,1,1,0,0,0,1,0,0,0,1,1,0,35
2,0,1,0,0,0,0,0,1,0,0,1,1,1,1,0,0,1,1,0,1,0,1,0,0,0,1,0,0,28
2,1,0,0,0,0,0,0,0,0,1,1,0,0,0,0,0,1,1,0,0,0,1,1,0,1,0,0,0,58
1,1,1,0,1,0,1,0,0,0,0,1,0,1,1,1,0,1,0,0,0,1,1,0,1,0,1,0,0,66
2,1,1,0,0,0,0,0,0,0,0,0,0,1,0,0,0,0,1,0,1,0,1,0,1,0,1,0,0,42
1,1,1,0,0,0,1,1,1,0,0,0,1,1,1,0,0,1,0,0,1,0,1,0,1,0,1,0,0,39
1,1,1,0,0,0,1,1,1,0,0,0,0,1,1,0,0,1,1,0,1,1,1,0,0,0,0,0,0,60
2,0,0,0,1,0,0,0,1,0,1,1,0,0,1,0,0,0,1,0,1,1,1,0,1,0,0,0,0,35
1,0,1,0,0,0,0,0,1,0,0,0,0,1,1,0,0,1,1,0,1,0,1,0,0,0,1,0,0,41
2,0,0,0,1,0,0,0,1,0,0,1,1,0,1,1,0,1,1,0,1,0,1,0,0,0,1,0,0,33
1,0,1,0,0,0,0,0,0,1,0,0,0,0,0,1,0,1,0,0,1,0,1,0,1,0,1,0,0,36
1,0,0,0,0,0,0,0,0,0,0,0,1,1,1,1,0,0,1,0,1,1,0,0,1,0,1,0,0,65
2,1,1,1,1,0,0,0,0,1,0,1,0,0,0,1,0,1,1,0,0,0,0,1,0,1,1,0,0,70
2,1,1,0,0,0,0,0,1,0,0,0,0,0,1,0,0,1,1,0,1,1,1,0,0,0,0,0,0,19
1,0,1,0,0,0,0,0,0,0,0,0,0,0,0,0,0,1,1,0,1,0,1,0,0,0,1,0,0,50
1,1,1,1,1,0,0,1,1,0,0,0,0,0,1,1,0,1,1,0,1,1,1,0,0,0,0,0,0,34
1,0,1,0,1,0,0,0,1,1,0,1,1,0,1,1,0,0,0,0,0,0,0,0,0,0,0,0,1,28
1,0,1,0,1,1,0,0,1,0,0,1,1,1,1,1,0,1,0,0,1,0,1,0,1,0,1,0,0,33
1,0,1,0,1,0,0,0,1,0,0,1,1,0,1,0,0,1,0,0,0,0,0,0,1,1,1,1,0,35
2,0,1,0,0,0,0,0,1,0,0,0,1,0,1,1,0,0,1,0,1,1,1,0,0,0,1,0,0,20
1,0,1,0,0,0,0,1,0,1,0,0,0,1,0,0,0,0,1,0,1,0,1,0,1,0,1,0,0,34
2,1,1,0,0,0,0,1,1,0,0,0,0,0,1,0,0,1,1,0,1,1,1,0,0,0,0,0,0,32
2,0,1,0,0,0,0,1,0,0,1,0,1,0,1,1,0,1,1,0,1,0,1,0,0,0,1,0,0,33
1,0,1,0,1,0,0,0,0,0,0,0,0,0,1,0,0,1,0,0,1,0,1,0,0,0,0,0,0,51
2,1,1,0,0,0,0,1,1,0,0,1,1,0,1,1,0,1,1,0,1,0,0,1,1,0,0,0,0,45
2,1,1,0,1,0,1,1,0,1,0,1,1,0,1,1,0,1,0,0,1,0,1,0,0,0,1,1,0,58
1,0,1,0,1,1,0,0,1,0,0,1,0,1,1,1,0,0,0,0,1,0,1,0,0,0,1,0,0,29
1,0,1,0,0,0,0,0,0,0,0,0,1,1,1,0,0,0,1,0,1,1,1,0,1,0,0,0,0,46
2,0,1,0,1,1,0,0,1,0,0,1,1,0,1,1,0,0,1,0,1,0,1,0,0,0,1,0,0,20
1,1,1,0,1,0,1,0,1,1,0,1,1,1,1,1,0,1,0,0,0,0,1,0,0,0,1,1,0,38
1,1,1,0,1,0,0,1,0,0,0,0,0,0,0,1,0,0,1,0,1,0,1,0,1,0,1,0,0,40
1,1,1,0,1,1,0,0,1,1,0,1,1,1,1,1,0,1,0,0,1,1,0,0,1,0,1,0,0,30
1,0,1,0,0,0,0,0,1,0,0,0,0,0,1,0,0,1,1,0,1,0,1,0,0,0,0,1,0,42
2,0,1,1,1,0,0,0,0,1,0,0,1,0,0,1,0,1,1,0,1,0,1,0,0,0,1,0,0,53
1,0,1,1,1,0,0,1,0,0,0,0,0,0,1,0,0,0,1,0,1,0,1,0,0,0,1,0,0,48
2,1,0,0,1,1,0,0,0,0,0,0,0,0,1,0,0,1,1,0,1,1,1,0,0,0,0,0,0,35
2,0,1,0,1,1,0,0,0,0,0,1,1,0,0,0,0,1,1,0,1,0,1,0,1,0,0,0,0,33
1,0,1,0,0,0,0,0,1,1,0,1,1,0,1,0,0,1,1,0,1,1,1,0,0,0,0,0,0,51
1,1,1,0,1,1,0,0,1,0,1,0,0,1,1,0,0,1,1,0,1,0,1,0,1,0,0,0,0,32
1,0,1,0,0,0,0,0,1,0,0,0,1,0,1,1,0,0,1,0,1,0,1,0,0,0,1,0,0,58
2,0,1,0,0,0,0,0,1,0,0,0,1,1,0,1,0,1,1,0,0,1,1,0,0,0,0,1,0,35
2,1,1,0,1,1,0,1,1,1,0,0,1,0,1,1,0,0,1,0,1,0,1,0,0,1,0,1,0,66
1,1,1,0,1,1,0,0,1,0,0,0,1,1,1,0,0,0,1,0,1,1,1,0,0,0,1,0,0,54
1,1,1,0,0,0,0,0,1,1,0,1,1,0,1,1,0,1,0,0,1,0,1,0,1,0,1,0,0,36
2,1,1,0,1,0,0,1,1,0,1,1,0,1,1,1,0,1,1,0,1,0,1,0,1,0,0,0,0,41
2,1,1,0,1,0,0,0,1,0,0,0,0,0,1,0,0,1,1,0,1,0,1,0,0,0,1,0,0,29
1,1,1,0,1,1,1,0,1,1,0,1,1,1,1,1,0,1,1,0,1,1,0,0,0,0,1,0,0,40
1,1,1,1,1,0,1,1,0,0,1,0,0,1,1,1,0,1,1,1,1,0,1,0,0,0,0,0,0,49
2,1,0,1,0,0,0,0,0,0,0,0,0,1,1,0,0,1,1,0,1,0,0,0,0,0,1,1,0,45
2,1,0,0,1,0,0,0,1,0,0,1,1,1,1,1,0,1,1,0,0,0,1,0,1,0,0,1,0,59
2,1,1,1,1,0,0,1,1,1,1,1,1,1,1,1,0,1,0,0,1,0,1,0,0,0,1,1,0,49
1,1,1,0,1,1,0,0,1,1,0,0,0,1,1,1,0,1,0,0,1,1,0,0,1,0,1,0,0,28
2,0,1,0,1,0,0,1,0,0,0,0,0,1,1,1,0,1,1,0,1,0,1,0,0,1,0,0,0,29
2,0,0,1,0,0,0,1,0,0,0,0,1,1,1,0,0,1,1,0,1,0,1,0,0,0,1,0,0,38
1,0,0,0,1,0,1,1,1,1,0,1,1,1,1,0,0,0,1,0,1,0,1,0,1,0,1,0,0,62
1,0,1,0,0,1,0,0,1,0,0,0,0,0,0,1,0,1,1,0,0,1,1,0,0,0,1,0,0,41
1,0,1,0,1,0,0,0,0,1,0,1,0,0,0,1,0,1,1,0,1,0,0,0,1,0,1,0,0,63
2,0,1,0,1,0,0,0,0,0,0,1,1,1,1,0,0,1,1,0,1,0,1,0,0,0,1,0,0,38
2,1,1,0,1,1,0,0,0,1,0,1,0,0,1,0,0,1,1,0,1,1,1,0,0,0,0,0,0,39
1,1,1,0,1,0,0,1,0,0,1,1,0,0,1,0,0,1,1,0,1,0,1,0,0,0,0,1,0,43
1,0,1,1,1,0,0,1,1,0,0,0,0,0,1,0,0,1,1,0,1,0,1,0,1,0,0,0,0,65
2,0,1,0,0,0,0,0,0,0,0,1,0,0,1,0,0,1,0,0,1,0,1,0,0,0,1,1,0,26
2,1,1,0,1,0,1,0,1,1,0,0,1,1,1,1,0,1,1,0,0,0,1,0,0,0,1,1,0,20
2,1,1,0,0,1,0,0,1,0,0,1,1,1,1,1,0,1,1,0,0,1,1,0,0,0,1,0,0,38
2,0,1,0,0,0,0,1,1,0,0,1,0,0,1,1,0,1,1,0,1,0,1,0,1,0,0,0,0,34
1,0,1,1,1,0,0,1,0,0,0,0,1,0,0,1,0,1,1,0,1,0,1,0,1,0,0,0,0,64
1,1,1,0,0,0,0,0,1,0,0,0,0,0,1,0,0,1,1,0,0,1,1,0,0,0,1,0,0,28
1,1,1,0,1,0,1,0,1,1,1,1,1,0,0,1,0,1,0,0,1,1,1,0,0,0,1,0,0,65
1,1,1,0,1,0,0,0,0,0,0,1,0,1,1,0,0,1,1,0,1,0,1,0,0,0,1,0,0,28
2,0,1,0,1,0,0,0,1,1,0,1,1,0,1,1,0,1,1,0,1,0,1,0,0,0,1,0,0,39
1,1,1,0,1,0,0,0,0,0,0,0,0,0,0,0,0,0,1,0,1,1,1,0,1,0,0,0,0,56
2,0,1,0,0,0,0,0,0,0,0,0,0,0,0,1,0,1,1,0,1,0,1,0,0,0,1,0,0,58
1,0,1,0,0,0,0,0,1,0,0,1,0,1,1,0,0,1,0,0,1,0,1,0,1,0,0,0,0,33
1,0,1,0,1,0,0,0,0,0,0,0,0,1,0,1,0,1,1,0,0,0,1,0,0,0,1,0,0,59
1,1,0,0,0,0,0,0,0,0,0,1,0,0,0,0,0,1,0,0,0,0,0,1,0,0,0,1,0,44
2,1,1,0,1,0,0,1,0,0,0,1,1,1,1,1,0,1,1,0,1,0,1,0,1,0,0,0,0,59
2,0,1,1,0,0,0,0,1,0,0,0,1,1,1,0,0,0,1,0,1,1,1,0,1,0,0,0,0,38
2,1,1,0,0,1,0,0,0,0,0,0,1,1,1,0,0,1,1,0,1,0,1,0,0,0,1,0,0,25
1,1,1,0,0,0,0,1,1,0,0,0,0,0,1,1,0,1,1,0,0,0,1,1,0,0,1,0,0,22
1,0,0,0,0,0,0,0,1,0,0,0,1,1,1,0,0,0,1,0,1,1,1,0,0,0,1,0,0,42
2,0,1,0,1,0,0,0,0,0,0,0,1,1,1,0,0,1,1,0,1,0,1,0,0,0,0,0,0,48
1,1,1,0,0,1,0,1,0,0,0,0,1,1,0,0,0,1,0,0,1,1,1,0,0,0,1,0,0,30
1,1,1,0,0,0,0,1,0,0,0,1,1,0,1,0,0,1,1,0,1,1,1,0,0,0,0,0,0,45
2,0,1,0,1,0,0,1,0,0,1,1,1,1,1,1,0,1,1,0,1,0,1,0,1,0,0,0,0,49
2,0,1,0,0,0,0,0,1,1,0,1,1,1,1,1,0,1,1,0,1,0,1,0,0,0,1,0,0,59
1,0,1,0,0,0,0,0,1,0,0,0,0,0,1,1,0,1,1,0,1,0,1,0,0,0,1,0,0,42
2,0,1,0,1,0,0,1,1,1,0,1,1,1,1,1,0,0,1,0,1,0,1,0,1,0,1,0,0,28
2,0,0,0,0,0,0,0,0,0,0,0,1,0,1,1,0,0,1,0,1,1,1,0,0,0,1,0,0,26
2,1,1,0,0,1,0,0,1,1,0,0,1,0,1,0,0,0,1,0,1,1,1,0,1,0,0,0,0,52
1,0,1,1,1,1,0,1,1,1,1,1,1,1,1,1,0,1,1,0,1,1,1,0,0,0,0,0,0,26
1,0,1,0,1,0,0,0,0,0,0,1,1,0,1,0,0,0,1,0,1,0,1,0,1,0,1,0,0,22
1,0,1,0,1,0,0,1,0,0,0,0,0,0,1,1,0,1,0,0,1,1,0,0,1,0,1,0,0,49
1,0,1,0,0,0,0,0,1,1,0,0,0,1,1,0,0,0,1,0,1,1,1,0,1,0,0,0,0,28
2,0,1,0,1,0,0,0,0,0,0,0,1,0,0,1,0,1,1,0,1,0,1,0,0,0,1,0,0,33
1,0,1,0,1,0,0,0,0,0,0,0,0,0,1,0,0,1,0,0,1,0,1,1,1,0,0,0,0,67
1,0,1,0,1,0,0,0,1,0,0,0,1,1,1,0,0,1,1,0,1,0,1,0,0,0,1,0,0,54
1,1,1,1,1,0,0,1,1,1,0,1,0,0,1,1,0,0,1,0,1,1,1,0,0,0,1,0,0,39
2,1,1,0,0,0,0,1,0,0,0,0,0,0,0,0,0,1,0,0,1,0,1,0,0,0,1,1,0,26
1,0,0,0,0,0,0,0,1,0,0,0,1,1,1,0,0,0,0,0,1,0,1,0,1,1,1,0,0,58
2,1,1,1,1,0,0,1,0,0,0,0,1,1,1,1,0,1,1,0,0,0,1,0,0,0,1,1,0,35
2,1,1,0,0,0,0,0,0,0,0,1,1,0,1,1,0,1,1,0,1,1,0,0,0,0,1,0,0,54
1,1,1,1,1,0,0,0,0,1,1,0,0,0,0,1,0,1,1,0,1,0,1,0,0,0,0,1,0,48
2,0,1,0,0,0,0,0,0,0,0,1,1,0,0,0,0,1,1,1,0,0,1,0,0,0,0,0,0,40
2,0,1,0,1,0,0,0,0,0,1,1,1,1,1,1,0,1,1,0,1,0,1,0,1,0,0,0,0,51
1,1,0,0,1,0,0,0,1,1,0,0,0,0,1,1,0,1,1,0,1,1,1,0,0,0,0,0,0,52
1,1,1,0,1,0,0,0,1,0,0,0,0,0,1,0,0,1,1,0,1,0,1,0,1,0,0,0,0,54
1,0,0,0,0,0,0,0,0,1,0,1,1,1,1,1,0,1,1,0,1,0,1,0,0,1,0,0,0,61
2,1,1,0,1,0,0,1,1,0,0,0,1,0,0,0,0,0,1,0,1,1,1,0,0,0,1,0,0,36
2,0,1,1,1,0,0,0,1,0,0,1,0,1,1,0,0,1,1,0,1,0,1,0,0,0,1,0,0,34
2,1,1,0,0,0,0,0,0,0,0,1,1,1,1,1,0,1,1,0,1,1,1,0,0,0,0,0,0,56
2,1,1,0,1,1,0,1,0,1,0,1,0,0,1,1,0,1,1,0,1,1,1,0,0,0,0,0,0,23
1,1,1,0,0,0,0,0,1,0,0,1,1,1,1,1,0,1,1,0,1,0,0,0,1,0,1,0,0,41
1,0,1,0,0,0,0,0,1,0,0,1,0,0,0,1,0,1,1,0,1,0,1,0,0,0,1,0,0,53
2,0,1,0,0,0,0,1,1,0,0,1,0,0,0,0,0,1,1,0,1,1,1,0,0,0,0,0,0,27
1,0,1,0,0,0,0,1,1,1,0,1,1,0,1,1,0,1,0,0,1,0,1,0,0,1,1,0,0,33
2,0,1,0,0,0,0,0,0,0,0,1,0,0,0,1,0,1,0,0,1,0,0,1,0,0,1,1,0,37
1,1,0,0,1,0,0,0,0,0,0,0,1,0,0,0,0,0,1,0,1,0,1,0,0,0,1,1,0,52
1,1,1,1,1,0,0,0,0,0,0,0,0,0,1,0,0,0,0,0,0,0,1,0,0,0,0,0,0,19
2,0,1,0,0,0,0,1,1,1,0,1,0,0,1,1,0,1,1,0,1,0,1,0,0,0,0,1,0,55
1,1,1,0,1,0,0,0,0,0,0,0,0,1,0,0,0,1,0,0,0,1,1,0,0,0,0,1,0,49
1,0,0,0,1,0,0,0,1,0,0,0,0,0,0,1,0,1,0,0,1,0,1,0,0,0,0,0,0,49
2,0,0,0,1,0,0,0,0,1,0,0,1,1,1,1,0,1,1,0,1,0,1,0,0,0,1,0,0,39
2,0,1,0,1,0,0,0,1,0,0,0,1,0,0,1,0,1,1,0,1,0,1,0,0,0,1,0,0,48
1,1,1,0,1,0,1,0,1,1,1,1,1,1,1,1,0,0,1,1,1,0,1,0,0,0,0,1,0,60
2,1,1,0,1,1,0,1,1,1,0,0,1,1,1,0,0,1,0,0,0,0,1,1,0,0,1,1,0,30
2,1,1,0,1,0,0,0,0,0,0,1,1,1,0,0,0,1,1,0,1,1,1,0,0,0,0,0,0,42
2,1,1,0,1,0,0,1,1,0,1,0,1,0,1,1,0,0,1,0,1,0,1,1,0,1,0,0,0,33
2,1,1,0,1,0,0,0,0,0,0,1,0,0,0,0,0,1,0,0,1,0,0,0,1,0,1,0,0,60
2,0,1,0,1,0,0,0,0,0,0,0,0,1,1,0,0,1,1,0,0,1,1,0,0,0,1,0,0,30
1,1,1,0,1,1,0,1,1,1,1,0,1,1,0,0,0,1,1,0,1,0,1,0,0,0,1,0,0,19
1,1,1,1,1,0,0,0,1,1,0,1,1,0,1,1,0,0,1,0,1,0,1,0,1,0,1,0,0,57
1,1,1,0,0,0,1,0,1,1,0,1,1,1,1,1,0,1,1,0,1,0,1,0,0,0,1,0,0,69
2,1,1,0,1,1,0,1,1,0,0,1,1,1,1,1,0,1,1,0,0,0,1,0,1,1,0,0,0,18
1,1,1,0,1,0,1,0,0,1,0,1,1,1,1,1,0,1,1,0,1,1,1,0,0,0,0,0,0,53
1,1,1,0,0,1,0,0,1,0,0,1,1,1,1,1,0,0,1,0,1,1,1,0,1,0,0,0,0,38
2,1,1,0,1,0,0,0,1,0,0,0,0,1,1,0,0,1,1,0,1,0,1,0,0,0,1,0,0,30
2,0,1,0,0,0,0,0,1,0,0,0,1,1,1,1,0,1,1,0,1,0,1,0,0,0,1,0,0,31
1,0,1,0,1,0,1,1,1,0,1,1,1,1,1,1,0,1,1,0,1,0,1,0,0,0,1,0,0,66
2,1,0,0,0,0,0,0,1,0,0,1,0,1,0,0,0,0,1,0,0,0,1,0,1,1,1,0,0,34
2,0,0,0,0,0,0,1,0,0,0,1,1,1,0,0,0,0,1,0,1,0,1,0,1,0,1,0,0,51
1,1,1,0,0,1,0,0,1,0,0,0,1,0,1,0,0,1,1,0,1,0,1,0,0,0,1,0,0,24
1,0,0,0,1,0,0,1,0,0,0,0,0,0,0,1,0,1,1,0,1,0,1,0,0,0,1,0,0,70
2,1,1,1,1,1,0,0,1,0,1,1,1,1,1,1,0,1,1,0,1,0,1,0,0,0,1,0,0,84
2,0,1,0,0,0,0,0,1,0,0,0,1,0,0,0,0,1,1,0,1,1,1,0,0,0,0,0,0,72
2,1,0,0,1,0,0,0,0,0,0,1,0,0,0,0,0,1,1,0,1,1,1,0,0,0,0,0,0,90
2,1,1,0,0,0,0,0,0,0,0,1,0,0,0,0,0,0,0,0,0,0,1,0,0,0,0,1,0,79
1,0,1,0,0,0,0,1,0,0,0,1,0,1,1,1,0,1,1,0,1,0,1,0,0,0,1,0,0,74
2,1,1,0,1,1,1,1,1,1,1,1,1,1,1,1,0,0,0,0,0,0,0,0,0,0,0,0,1,91
1,1,1,0,0,0,0,0,0,1,0,0,1,1,1,1,0,1,1,0,1,0,1,0,0,0,1,0,0,82
2,0,0,0,0,0,0,0,0,0,0,0,0,0,0,0,1,1,1,0,1,0,1,0,0,0,1,0,0,80
2,0,1,0,0,0,0,0,0,0,0,1,0,0,1,0,0,1,1,0,1,0,1,0,0,0,1,0,0,88
1,1,1,0,1,1,1,1,1,0,1,1,1,1,0,1,0,1,0,0,1,0,1,0,0,0,1,1,0,80
2,0,0,0,0,0,0,0,0,0,0,0,0,0,0,1,0,1,1,0,1,0,1,0,0,0,1,0,0,78
1,0,1,0,1,1,0,1,1,0,1,1,1,1,1,0,0,1,1,0,1,0,1,1,0,0,0,0,0,72
1,0,0,0,1,0,0,0,0,0,0,0,1,0,0,0,0,1,1,0,1,0,0,1,0,0,0,1,0,88
2,0,1,0,1,1,1,0,1,0,0,0,0,1,0,0,0,1,1,0,1,0,1,0,0,1,0,0,0,71
2,0,1,0,1,0,0,0,0,1,0,0,0,0,0,0,0,1,0,0,1,0,1,0,1,1,0,0,0,77
2,0,1,0,0,0,0,1,0,0,0,0,1,0,1,0,0,1,1,0,1,1,1,0,0,0,0,0,0,89
1,1,1,1,1,1,1,1,1,1,1,1,1,1,1,1,0,0,1,0,1,1,1,0,0,0,1,0,0,85
2,0,0,0,0,0,0,0,0,0,0,0,0,1,1,1,0,1,1,0,1,0,1,0,0,0,0,0,0,82
2,0,0,0,0,1,0,0,1,0,0,0,1,0,1,0,0,1,1,0,0,0,1,1,0,0,0,1,0,89
2,1,1,0,1,1,0,0,0,0,0,0,0,0,1,1,0,1,1,0,1,1,1,0,0,0,0,0,0,76
1,1,1,0,0,0,0,0,1,1,0,1,1,1,0,1,0,0,1,0,1,1,1,0,1,0,0,0,0,72
2,1,0,0,0,0,0,0,1,0,0,0,1,0,1,0,0,1,1,0,1,0,1,0,0,0,1,0,0,71
1,1,1,0,1,0,0,0,0,0,0,0,0,0,1,0,0,1,1,0,1,1,0,0,0,0,0,1,0,74
1,1,1,0,1,0,1,0,0,0,0,1,0,1,1,0,0,1,1,0,1,0,1,0,0,0,1,0,0,74
2,0,0,0,1,0,0,0,1,0,0,0,1,0,0,1,0,1,1,0,1,0,0,1,0,0,1,0,0,79
2,0,1,0,0,0,0,0,0,0,0,0,0,0,0,1,0,0,1,0,1,0,1,0,1,1,0,0,0,89
1,1,0,0,1,0,0,0,0,1,0,0,1,0,0,1,0,1,1,0,1,0,0,1,0,0,1,0,0,75
2,0,0,0,0,0,0,1,0,0,0,1,0,0,0,0,0,1,0,0,1,0,1,0,0,1,0,1,0,81
1,0,1,0,0,0,0,1,0,0,0,0,0,0,1,1,0,1,0,0,0,0,1,1,0,0,1,0,0,87
1,.a,.a,.a,.a,.a,.a,.a,.a,.a,.a,.a,.a,.a,.a,.a,.a,.b,.b,.b,.b,.b,.b,.b,.b,.b,.b,.b,.b,71
1,0,1,0,1,0,0,1,0,0,0,0,1,0,1,0,0,1,0,0,1,0,0,1,0,0,1,1,0,79
2,1,1,0,1,1,0,0,1,0,0,1,1,0,1,0,0,1,1,0,1,0,0,0,1,0,1,0,0,77
1,1,0,0,0,0,0,0,0,0,0,0,0,0,1,0,0,1,1,1,0,0,0,0,0,0,0,1,0,72
2,0,0,0,0,0,0,0,0,0,0,0,0,0,0,0,1,1,0,0,1,0,1,0,0,0,1,1,0,89
2,0,0,0,0,0,0,0,1,0,0,0,1,1,0,0,0,1,1,0,1,0,1,0,0,0,1,0,0,82
1,1,1,0,1,0,0,1,1,1,1,0,1,1,1,1,0,0,1,0,1,1,1,0,0,0,1,0,0,82
2,1,1,0,0,0,0,0,0,0,0,0,0,0,0,0,0,1,1,0,1,0,1,0,0,0,0,1,0,83
2,0,0,0,0,0,0,0,0,0,0,0,1,0,0,0,0,1,1,0,1,0,1,0,1,0,0,0,0,79
1,0,0,0,0,0,0,0,1,0,0,0,0,0,0,0,0,1,0,0,1,0,1,0,0,0,0,0,0,73
1,0,1,0,1,0,0,0,0,0,0,0,0,0,1,0,0,1,0,0,0,0,0,1,0,0,1,1,0,73
1,.b,.b,.b,.b,.b,.b,.b,.b,.b,.b,.b,.b,.b,.b,.b,.b,1,0,0,1,0,0,0,0,0,1,0,0,88
2,0,0,0,0,0,0,0,0,0,0,0,0,0,0,0,1,1,0,0,1,0,0,0,0,0,0,1,0,88
2,0,1,0,1,0,0,1,0,0,0,0,0,0,0,1,0,1,1,0,0,0,1,1,0,0,1,0,0,74
1,0,0,0,1,0,0,0,0,0,0,0,0,1,1,1,0,1,1,0,1,1,0,0,0,1,0,0,0,88
1,0,1,0,1,0,1,0,1,1,0,1,1,1,1,1,0,1,1,0,1,1,1,0,0,0,0,0,0,81
1,0,1,0,0,0,0,0,0,1,0,0,1,0,0,0,0,0,0,0,0,0,0,0,0,0,0,0,1,82
2,0,0,0,0,0,0,0,0,0,0,0,0,0,0,0,1,1,0,0,1,1,1,0,0,1,0,0,0,71
2,0,1,1,1,0,0,0,0,0,0,0,0,0,0,0,0,1,1,0,0,0,1,1,0,0,1,0,0,78
2,1,0,0,0,0,0,0,1,1,0,0,0,0,0,1,0,0,1,0,1,0,1,0,1,0,1,0,0,72
1,0,1,0,1,0,0,0,1,1,0,1,1,1,1,1,0,1,1,0,1,1,1,0,0,0,0,0,0,71
2,0,1,0,1,0,1,1,1,1,0,1,1,1,1,1,0,1,1,0,1,1,1,1,1,1,1,1,0,82
1,1,1,1,1,0,0,1,1,1,1,0,1,0,1,1,0,1,1,0,1,0,1,1,0,0,0,0,0,73
1,0,0,0,1,0,0,0,0,0,0,0,0,0,0,0,0,1,0,0,1,0,0,0,0,0,0,1,0,80
1,0,1,1,0,0,0,1,0,1,0,0,1,0,1,1,0,1,0,0,1,0,1,0,0,0,1,1,0,72
1,0,0,0,0,0,0,0,1,0,0,1,0,1,1,0,0,1,1,0,0,0,1,0,1,0,1,0,0,76
1,0,1,0,0,0,0,0,1,0,1,1,1,0,1,0,0,1,1,0,1,1,1,0,0,0,0,0,0,80
1,1,0,0,0,0,0,1,1,0,0,0,1,0,0,0,0,1,0,0,0,1,1,1,0,0,1,0,0,76
1,0,1,0,0,0,0,0,0,0,0,0,0,0,1,0,0,1,1,0,1,0,0,1,1,0,0,0,0,78
2,0,1,0,0,0,0,0,0,1,0,1,1,0,0,0,0,0,1,0,1,0,1,0,0,1,0,1,0,76
2,1,0,0,0,0,1,0,1,0,0,0,0,0,1,0,0,1,0,0,1,0,0,0,1,0,1,0,0,75
2,0,0,1,1,0,0,1,0,0,0,0,0,0,0,0,0,1,1,0,1,0,0,1,0,0,1,0,0,77
2,1,1,0,0,0,0,0,0,1,0,0,1,0,0,0,0,1,1,0,1,0,0,1,0,0,0,1,0,73
2,0,0,1,1,0,0,0,1,0,0,0,0,0,0,0,0,1,1,0,0,0,0,0,0,1,1,1,0,77
2,1,1,1,1,0,0,0,0,1,0,0,0,0,0,0,0,1,0,0,1,0,1,0,0,1,1,0,0,87
2,1,1,0,0,0,0,1,0,0,0,0,1,0,0,1,0,1,1,0,1,1,1,0,0,0,0,0,0,70
1,0,0,0,1,0,0,0,0,1,0,1,0,0,0,0,0,1,1,0,1,0,0,0,0,1,1,0,0,80
1,0,0,0,0,0,0,0,0,0,0,1,1,0,0,1,0,1,0,0,0,0,1,1,0,0,1,1,0,74
2,0,1,0,1,0,0,0,0,0,0,0,0,0,0,1,0,1,1,0,1,0,0,0,0,0,1,1,0,74
2,0,1,0,1,0,0,0,0,1,0,1,0,1,0,1,0,1,1,0,1,0,0,1,0,0,0,1,0,75
1,0,1,0,1,0,0,0,0,1,0,0,0,1,1,0,0,1,1,0,1,1,1,0,0,0,0,0,0,77
1,1,1,0,0,0,0,0,1,0,0,1,1,1,1,1,0,0,1,0,1,1,1,0,0,0,1,0,0,35
1,0,1,0,1,1,1,0,1,1,0,1,1,1,1,1,0,0,1,0,1,1,1,0,1,0,0,0,0,33
1,1,1,0,1,0,0,0,0,0,0,1,0,0,0,0,0,1,1,1,1,0,0,0,0,0,0,1,0,67
2,0,1,0,1,0,0,0,1,0,0,0,1,1,1,1,0,0,1,0,1,1,1,0,0,0,1,0,0,19
2,1,1,0,1,1,0,1,1,0,0,1,1,1,1,1,0,0,1,0,1,0,1,0,1,0,1,0,0,25
2,1,1,1,1,1,1,1,1,1,1,1,1,1,1,1,0,1,1,0,1,1,1,0,0,0,0,0,0,56
2,1,1,0,1,0,0,1,0,0,0,0,1,1,1,1,0,1,1,0,1,1,1,0,0,0,0,0,0,31
1,1,0,0,1,1,0,1,0,0,0,1,0,1,1,1,0,1,1,0,1,1,0,0,1,0,0,0,0,59
2,1,1,0,1,1,1,1,1,0,0,1,1,1,1,0,0,1,1,0,0,0,0,0,1,0,1,1,0,21
1,1,1,0,0,0,0,1,1,1,0,1,1,1,1,1,0,0,0,0,1,1,1,0,1,0,1,0,0,47
2,1,1,1,0,0,0,0,1,1,0,1,1,1,0,1,0,1,1,0,0,1,1,0,0,0,1,0,0,34
2,0,1,0,0,0,0,1,1,0,0,1,0,1,1,1,0,1,1,0,1,0,1,0,1,0,0,0,0,45
1,0,1,0,0,1,0,0,0,0,0,1,0,1,1,1,0,1,1,0,1,0,1,0,1,0,0,0,0,29
2,1,0,0,0,0,0,0,1,1,0,1,1,1,1,1,0,0,1,0,1,1,1,0,0,0,1,0,0,27
2,1,1,0,0,1,0,0,1,1,0,0,0,1,1,0,0,1,1,0,1,0,1,0,1,0,0,0,0,27
2,1,1,0,0,1,1,0,1,1,0,0,1,1,1,1,0,1,1,0,1,1,1,0,0,0,0,0,0,41
2,1,1,0,1,1,0,1,0,0,0,1,1,1,1,0,0,1,1,0,1,0,1,0,0,0,1,0,0,29
1,0,1,1,0,0,0,0,0,0,1,1,1,0,1,1,0,0,1,0,1,1,1,0,0,1,0,0,0,28
2,1,1,0,1,1,0,0,1,0,0,0,1,0,1,1,0,1,0,0,1,1,1,0,0,0,1,0,0,27
2,1,1,0,1,1,1,0,1,1,1,1,1,0,1,1,0,1,1,0,0,1,1,0,0,0,1,0,0,49
1,1,1,0,1,0,0,1,1,1,0,1,1,1,1,0,0,0,1,0,1,0,1,0,1,0,1,0,0,27
1,1,1,0,1,0,1,1,0,1,1,1,0,1,0,0,0,1,0,0,0,0,1,0,0,0,0,0,0,49
1,0,1,0,0,1,0,1,1,1,1,1,1,0,1,1,0,1,1,0,1,0,1,0,0,0,1,0,0,30
2,0,1,1,1,0,1,0,1,1,0,0,1,1,1,1,0,1,0,0,1,0,1,1,0,0,1,0,0,86
1,1,1,0,1,0,0,1,1,0,0,0,1,1,1,1,0,0,1,0,1,0,1,0,1,0,1,0,0,21
1,1,1,1,1,0,1,1,1,0,1,1,1,1,1,1,0,1,1,0,1,0,1,0,0,0,1,0,0,62
2,1,1,0,1,0,0,0,1,0,0,1,0,1,1,1,0,1,1,0,1,1,0,0,0,0,1,0,0,24
1,1,0,0,0,1,0,0,1,0,0,0,1,0,0,1,0,0,1,0,1,1,1,0,1,0,0,0,0,49
2,0,1,0,1,0,0,0,1,1,0,1,1,0,1,1,0,0,1,0,1,1,1,0,0,0,1,0,0,51
2,0,1,0,0,0,0,0,0,1,0,0,1,0,1,1,0,1,0,0,1,0,1,0,0,0,1,0,0,46
1,1,1,0,1,1,0,1,1,1,0,0,0,1,1,0,0,1,1,0,1,0,1,0,0,0,1,0,0,36
2,0,0,0,0,0,0,0,0,0,0,1,1,0,1,0,0,1,0,0,0,0,1,0,0,0,1,1,0,24
2,0,1,0,1,0,0,1,0,0,1,0,0,0,0,1,0,1,1,0,1,0,0,0,0,0,1,0,0,72
1,1,0,0,0,0,0,0,1,1,0,0,0,0,1,0,0,0,1,0,1,1,1,0,1,0,0,0,0,35
1,0,1,0,0,0,0,0,1,0,0,0,0,1,0,0,0,1,1,0,0,1,0,0,0,0,1,1,0,53
1,0,1,0,1,0,0,1,0,0,0,0,0,0,0,1,0,0,1,0,0,1,1,0,1,0,1,0,0,56
1,1,1,0,0,0,0,1,1,1,0,0,0,1,1,0,0,0,1,0,0,1,1,0,1,0,1,0,0,35
1,1,1,0,1,0,1,0,1,0,0,0,0,1,0,0,0,1,1,0,1,0,1,0,1,0,0,0,0,23
2,0,1,0,1,0,0,1,1,0,0,1,1,1,1,1,0,1,1,0,1,0,1,0,0,0,1,0,0,21
1,1,1,0,1,0,0,0,0,1,0,0,1,0,1,0,0,0,1,0,1,0,1,0,1,0,1,0,0,20
1,1,1,0,0,0,0,0,0,0,0,1,0,1,1,0,0,1,0,0,1,1,1,0,0,0,0,0,0,42
2,0,1,0,0,0,0,1,0,0,0,1,1,1,1,1,0,1,1,0,1,1,1,0,0,0,0,0,0,48
2,1,1,1,1,0,0,1,0,1,0,0,0,0,0,0,0,0,1,0,1,1,1,0,0,0,1,0,0,37
2,0,1,0,1,0,0,0,1,0,0,0,0,0,1,0,0,0,1,0,1,0,1,0,1,0,1,0,0,32
2,0,0,0,1,1,0,0,0,0,0,0,1,0,0,0,0,1,1,0,1,1,1,0,0,0,0,0,0,26
1,1,1,0,0,0,0,0,0,0,0,0,0,0,1,1,0,1,1,0,1,1,1,0,0,0,0,0,0,25
2,0,1,0,0,0,0,0,0,0,0,1,0,0,1,0,0,0,1,0,1,1,1,0,0,0,1,0,0,68
1,0,0,0,0,0,1,0,0,0,0,1,0,1,1,0,0,0,1,0,1,1,0,0,1,0,1,0,0,23
1,1,1,1,1,0,0,0,1,1,1,1,1,0,1,1,0,0,1,0,1,1,1,0,0,0,1,0,0,48
2,0,1,0,0,1,0,0,1,0,0,1,1,0,0,0,0,1,1,0,1,1,1,0,0,0,0,0,0,41
2,0,1,0,0,0,0,0,1,1,0,0,0,0,1,0,0,0,1,0,1,1,1,0,0,0,1,0,0,76
2,1,1,0,1,0,0,1,0,0,0,0,0,0,1,0,0,1,1,0,0,1,1,0,0,0,1,0,0,33
1,0,0,0,1,0,0,0,1,0,0,0,1,0,0,1,0,1,1,0,1,1,1,0,0,0,0,0,0,57
2,0,1,0,0,0,0,0,1,0,0,1,0,1,1,1,0,1,1,0,1,0,1,0,1,0,0,0,0,42
1,0,1,0,1,0,0,0,0,1,0,0,1,1,0,0,0,0,1,0,0,0,1,0,1,1,1,0,0,41
2,1,1,0,1,0,1,0,0,1,0,1,0,1,1,1,0,1,1,0,1,1,1,0,0,0,0,0,0,54
2,1,1,1,0,0,0,1,0,0,0,0,0,1,1,0,0,1,1,0,0,1,1,0,0,0,0,0,0,29
2,0,0,0,0,0,0,0,0,0,0,0,0,0,0,0,1,1,1,0,1,0,1,0,1,0,0,0,0,92
2,1,1,0,1,0,1,1,1,1,1,1,0,1,0,0,0,0,1,0,1,1,1,0,0,0,1,0,0,68
1,0,1,0,0,0,1,0,1,1,1,1,0,1,0,0,0,1,1,1,1,1,0,0,0,0,0,0,0,85
2,1,0,0,0,0,0,0,1,0,0,1,0,1,1,1,0,1,1,0,1,0,1,0,1,0,0,0,0,58
1,1,1,0,0,0,0,0,1,0,0,0,1,0,0,0,0,1,1,0,0,1,1,0,0,0,0,0,0,35
2,0,1,0,1,1,0,1,1,0,1,1,1,1,1,0,0,0,1,0,1,1,1,0,0,0,1,0,0,26
2,0,1,0,0,0,0,0,0,0,0,1,0,1,1,0,0,1,1,0,1,0,1,0,0,0,1,0,0,25
2,0,0,0,1,0,0,0,0,0,1,0,0,0,0,1,0,1,0,0,0,0,1,1,0,0,1,1,0,71
2,0,1,0,1,0,0,0,1,1,0,1,1,1,1,1,0,0,1,0,1,1,1,0,0,0,1,0,0,45
1,1,1,0,0,0,0,0,0,0,0,0,0,0,0,1,0,1,0,0,1,0,1,1,0,0,1,0,0,19
2,1,1,1,1,0,0,1,1,0,1,0,1,0,1,1,0,0,1,0,0,1,1,0,0,0,1,1,0,29
1,0,0,0,0,0,0,1,0,0,0,0,0,1,1,0,0,0,1,0,0,0,1,0,0,0,1,0,0,48
1,0,0,0,0,0,1,0,0,0,0,1,0,1,0,1,0,1,1,0,1,1,1,0,0,0,0,0,0,41
1,0,1,0,1,0,0,0,1,1,0,1,1,1,1,0,0,0,1,0,1,1,1,0,1,0,0,0,0,46
2,0,1,0,0,1,0,0,1,0,0,1,1,1,0,0,0,1,1,0,0,0,1,0,1,0,1,0,0,44
2,0,0,0,0,0,0,0,1,0,0,0,0,0,0,1,0,0,1,0,1,1,1,0,1,0,0,0,0,44
1,0,1,0,0,0,0,0,1,0,0,0,0,0,1,0,0,1,0,0,1,1,1,0,0,0,1,0,0,21
1,1,0,0,0,0,0,0,0,0,0,0,0,1,1,0,0,1,1,1,1,0,1,0,0,0,0,0,0,25
1,1,1,0,0,0,1,0,0,1,1,1,1,1,0,0,0,1,0,0,1,0,1,1,0,0,1,0,0,87
1,1,1,0,0,0,1,1,1,1,0,1,1,1,1,1,0,1,1,0,1,0,1,1,0,0,0,0,0,50
2,0,1,0,1,1,0,1,0,0,0,1,1,0,0,0,0,1,1,0,1,0,1,0,0,0,1,0,0,52
2,0,1,0,1,0,0,0,0,0,0,1,0,0,0,1,0,0,1,0,1,1,1,0,0,0,1,0,0,53
1,1,1,0,1,0,0,0,0,0,0,0,0,0,0,0,0,0,1,0,1,0,1,0,1,0,1,0,0,52
2,1,1,0,1,0,0,1,0,0,0,0,0,0,1,0,0,1,0,0,1,0,1,0,1,0,1,0,0,32
1,0,1,0,1,1,1,0,1,1,0,1,1,1,1,1,0,1,0,0,1,0,1,0,1,0,0,0,0,88
1,1,1,0,0,1,0,0,1,0,0,1,1,1,1,1,0,1,1,0,1,0,1,0,1,0,0,0,0,19
2,0,1,0,0,0,1,1,1,1,1,1,1,1,1,1,0,1,1,0,1,0,0,0,1,0,1,0,0,62
2,1,1,0,1,0,0,1,0,0,0,1,1,1,1,1,0,1,1,0,0,0,0,0,0,0,1,0,0,40
2,1,1,0,1,0,0,1,0,1,0,1,0,1,1,1,0,1,1,1,1,0,0,0,0,0,1,0,0,65
2,0,1,0,1,1,1,1,1,0,0,0,1,1,1,1,0,1,1,0,1,0,1,0,0,0,1,0,0,52
1,.b,.b,.b,.b,.b,.b,.b,.b,.b,.b,.b,.b,.b,.b,.b,.b,.b,.b,.b,.b,.b,.b,.b,.b,.b,.b,.b,.b,73
2,0,1,0,0,0,0,0,1,0,0,0,1,1,1,0,0,0,0,0,1,0,1,0,1,1,1,0,0,44
1,0,1,0,0,0,0,0,1,0,0,0,0,1,1,0,0,1,1,0,1,0,1,0,0,0,1,0,0,68
1,0,0,0,0,0,0,0,1,0,0,1,1,0,1,1,0,0,1,0,1,1,1,1,0,0,0,0,0,37
2,0,1,0,0,0,0,0,1,0,0,0,0,0,0,1,0,1,1,0,0,0,1,0,1,0,1,0,0,21
1,1,1,1,0,0,0,1,1,0,0,1,0,0,1,0,0,1,1,0,1,0,1,0,1,0,0,0,0,39
2,1,1,0,1,0,0,1,1,1,0,0,1,1,1,1,0,0,0,0,0,0,1,0,1,1,1,1,0,32
1,0,0,0,0,0,0,0,1,0,0,1,0,0,1,0,0,0,1,0,1,1,1,0,0,0,1,0,0,63
2,1,1,0,0,1,0,1,1,0,0,1,1,1,1,0,0,1,1,0,0,1,0,0,1,0,1,0,0,24
1,1,1,0,1,0,0,1,0,1,1,1,0,0,1,1,0,1,1,0,0,1,1,0,0,0,1,0,0,33
2,0,1,0,0,1,1,1,1,0,0,1,1,1,1,1,0,0,1,0,1,0,1,0,1,0,1,0,0,36
1,1,1,1,1,0,1,1,1,1,1,1,1,1,1,1,0,1,1,0,1,0,1,1,0,0,0,0,0,51
2,0,1,0,0,1,0,0,1,0,0,1,1,1,1,1,0,1,1,0,1,0,1,0,0,0,1,0,0,43
2,1,1,1,1,0,0,0,1,1,1,1,1,1,1,1,0,1,1,0,1,0,0,0,1,0,1,0,0,23
2,1,1,1,1,0,1,1,1,1,1,1,1,1,1,1,0,0,1,0,1,1,1,0,0,0,1,0,0,40
2,0,1,0,1,0,0,1,1,1,1,1,1,1,1,1,0,0,1,0,1,1,1,0,0,0,1,0,0,39
2,0,1,1,1,0,0,1,1,0,0,1,1,0,1,1,0,1,1,0,1,0,1,0,0,0,1,0,0,38
2,0,1,0,0,0,0,0,0,0,0,0,0,0,0,0,0,1,1,0,1,0,1,0,0,0,1,0,0,84
2,0,1,0,1,1,0,1,1,1,0,0,1,1,1,1,0,1,1,0,1,0,0,0,0,0,1,0,0,28
2,0,1,1,1,1,1,1,1,1,1,1,1,1,1,1,0,1,1,0,1,0,0,0,1,0,1,0,0,43
1,1,1,1,0,0,1,1,1,0,0,0,1,1,1,1,0,0,1,0,1,1,1,0,0,0,1,0,0,26
2,1,1,0,1,1,1,0,1,0,1,1,1,1,1,1,0,1,1,0,1,0,1,0,0,0,1,0,0,60
1,1,1,0,1,0,1,1,0,0,1,1,1,1,1,1,0,1,1,0,1,0,1,0,0,0,1,0,0,66
1,1,1,0,1,1,1,0,1,1,0,1,1,1,1,1,0,0,1,0,1,1,1,0,0,0,1,0,0,23
1,0,1,0,1,0,0,0,0,0,0,1,1,1,1,1,0,1,1,0,1,0,0,0,0,1,0,0,0,84
1,0,1,1,1,0,0,1,1,1,1,1,1,1,1,1,0,1,1,0,1,0,1,0,1,0,0,0,0,52
2,1,1,1,1,1,0,1,1,1,0,1,1,1,1,1,0,1,1,0,1,0,1,0,0,0,1,0,0,53
2,0,1,0,0,0,0,0,0,0,0,1,1,1,1,0,0,1,1,0,1,0,1,0,0,0,1,0,0,47
1,1,1,0,1,0,1,1,0,0,1,0,0,0,0,0,0,1,0,0,1,0,1,1,0,0,1,0,0,32
2,1,1,0,1,0,0,0,1,0,0,1,1,1,1,0,0,0,1,0,1,1,1,0,0,0,1,0,0,19
1,1,1,0,1,1,0,0,1,0,0,0,1,1,1,1,0,1,1,0,1,0,1,0,0,0,1,0,0,32
1,1,1,0,0,0,0,0,0,0,0,1,1,0,1,0,0,1,1,0,0,0,1,0,0,0,1,1,0,28
1,1,1,0,0,0,0,0,1,1,0,1,1,1,1,0,0,0,1,0,1,1,1,0,0,0,1,0,0,39
2,0,1,0,0,0,0,1,0,0,0,0,1,1,1,0,0,1,1,0,1,0,1,0,1,0,0,0,0,28
1,1,1,0,1,0,0,0,1,0,0,1,1,1,1,1,0,0,0,0,1,1,1,0,1,0,0,0,0,37
2,0,0,1,0,0,0,0,0,0,0,0,0,0,0,1,0,1,1,0,1,0,0,1,0,0,0,0,0,57
2,0,0,0,0,1,0,0,1,0,0,0,1,1,0,0,0,0,1,0,1,0,1,0,1,0,0,0,0,34
2,1,1,0,0,0,0,0,1,1,0,1,1,1,1,1,0,1,0,0,0,1,1,0,0,0,1,0,0,27
2,0,1,0,1,0,0,0,1,1,0,1,0,0,0,1,0,1,1,0,1,1,1,0,0,0,0,0,0,66
1,1,1,0,1,0,0,1,1,0,0,0,1,1,1,1,0,0,1,0,1,0,1,0,1,0,0,1,0,34
2,1,1,0,0,0,0,0,1,0,0,0,0,0,1,0,0,0,1,0,1,0,1,0,0,0,1,0,0,25
2,0,1,0,1,1,0,0,1,1,0,1,1,1,1,1,0,0,1,0,0,1,1,0,0,0,1,0,0,25
1,1,0,0,0,0,0,0,0,0,0,0,1,0,0,1,0,1,0,0,0,0,1,0,0,0,1,0,0,32
1,1,0,0,1,0,0,0,0,0,0,0,1,1,0,1,0,1,0,0,1,1,1,0,0,0,1,0,0,38
1,0,0,0,0,0,0,0,0,0,0,0,1,0,0,1,0,1,0,0,1,0,1,0,0,0,1,0,0,31
2,1,0,0,1,0,0,0,0,0,1,1,1,1,1,1,0,0,0,0,0,1,1,0,0,1,1,0,0,50
1,1,0,0,1,0,0,0,0,0,0,1,1,0,0,1,0,1,1,0,1,0,1,0,0,0,1,0,0,50
1,1,1,0,1,1,0,0,0,0,0,1,1,1,1,1,0,1,1,0,1,1,1,0,0,0,1,0,0,43
2,.a,.a,.a,.a,.a,.a,.a,.a,.a,.a,.a,.a,.a,.a,.a,.a,1,0,0,1,0,1,0,0,0,1,1,0,64
1,1,0,0,1,0,0,0,0,0,0,1,1,0,0,1,0,1,0,0,0,0,1,0,0,0,1,0,0,34
1,1,0,0,0,0,0,0,0,0,0,0,1,0,0,1,0,0,0,0,0,0,0,0,0,0,0,0,1,21
2,0,0,0,0,0,0,0,0,0,0,0,0,0,0,0,1,1,0,0,1,0,0,0,0,0,1,0,0,83
2,0,1,0,0,0,0,0,0,0,0,1,1,0,0,1,0,0,1,0,1,0,1,0,0,1,1,0,0,57
1,1,1,0,1,0,0,0,0,0,0,0,0,0,1,0,0,0,1,0,1,0,1,0,0,1,0,0,0,36
2,0,0,1,0,0,0,0,0,0,1,0,0,0,0,0,0,1,1,0,0,1,1,0,0,0,1,0,0,53
2,0,1,0,1,0,0,1,0,0,0,0,0,0,0,1,0,1,0,1,1,0,1,1,0,0,0,0,0,68
1,1,1,0,0,1,0,0,1,0,1,0,1,1,1,1,0,1,1,0,1,0,1,0,1,0,0,0,0,44
1,0,1,0,0,0,0,0,1,1,0,1,1,0,0,1,0,1,1,0,1,0,1,0,1,0,0,0,0,83
1,1,1,0,1,0,0,1,1,0,1,0,1,0,1,1,0,1,0,0,1,0,1,1,0,0,1,0,0,29
2,1,1,0,1,1,0,1,1,1,1,1,1,1,1,1,0,1,1,0,0,0,1,1,0,0,0,1,0,43
2,1,1,1,1,1,1,1,1,1,1,1,1,1,1,1,0,0,1,0,1,1,1,0,0,0,1,0,0,42
2,0,1,0,0,0,0,0,0,0,0,1,0,1,0,1,0,1,0,0,0,1,1,0,1,0,1,0,0,25
1,0,1,1,0,0,0,0,0,0,0,0,0,1,0,1,0,0,1,0,1,1,0,0,0,1,1,0,0,63
2,0,1,0,0,1,0,1,1,0,0,1,1,0,1,0,0,0,1,0,1,1,1,0,1,0,0,0,0,30
1,1,0,0,0,0,0,1,0,0,0,0,1,0,0,0,0,1,1,0,1,0,0,0,1,0,1,0,0,31
1,0,1,0,1,0,1,0,0,0,0,0,0,1,1,0,0,1,1,0,1,0,0,0,1,1,0,0,0,56
2,0,0,0,0,0,0,0,0,0,0,0,1,0,1,1,0,1,1,0,1,1,1,0,0,0,0,0,0,37
1,0,0,1,1,0,0,0,0,0,1,0,0,1,0,0,0,1,1,0,1,0,1,0,0,0,1,0,0,36
2,0,1,0,0,0,0,0,0,0,0,0,1,1,1,0,0,1,1,0,0,0,1,0,0,0,0,1,0,76
2,0,0,0,0,0,0,0,0,0,0,0,1,0,1,1,0,0,1,0,1,1,1,0,1,0,0,0,0,44
1,0,0,0,0,0,0,0,0,0,0,0,0,0,0,0,1,0,1,0,1,1,1,0,0,0,1,0,0,48
1,0,1,0,0,0,0,0,1,0,1,1,0,1,1,0,0,0,1,1,1,1,0,0,0,0,1,0,0,34
1,0,0,0,0,0,0,0,0,0,0,0,0,0,1,1,0,0,1,0,1,0,1,0,1,0,1,0,0,48
2,1,0,0,0,0,0,0,1,0,0,0,0,0,1,1,0,0,1,0,1,1,1,0,0,0,0,0,0,67
2,0,1,0,0,0,0,0,1,0,0,0,1,0,1,1,0,1,1,0,1,0,1,0,0,0,0,1,0,52
1,0,1,0,0,0,0,1,0,0,0,0,0,0,0,1,0,0,1,0,1,0,1,0,0,1,1,0,0,54
1,1,1,1,1,1,0,0,0,0,0,1,0,1,1,0,0,1,1,0,1,0,1,0,1,0,0,0,0,43
2,0,1,0,1,0,0,0,0,0,0,1,0,0,0,1,0,1,0,0,1,0,1,0,0,0,1,0,0,20
1,0,1,0,1,0,0,0,1,0,0,0,1,1,1,0,0,1,1,0,0,1,0,0,1,0,1,0,0,28
1,1,1,1,1,0,1,1,1,1,1,1,1,1,1,1,0,0,1,0,1,1,1,0,0,0,1,0,0,45
2,1,1,0,1,1,0,1,1,1,1,1,1,1,1,1,0,1,1,0,0,0,1,1,0,0,1,0,0,62
1,0,0,0,0,0,0,0,1,0,0,0,1,0,1,1,0,0,1,0,0,1,1,0,1,0,1,0,0,22
1,1,1,0,1,1,0,0,0,0,1,0,0,1,1,0,0,1,1,0,1,1,1,0,0,0,0,0,0,36
1,1,1,0,1,1,1,1,1,1,1,1,1,1,1,1,0,1,1,0,1,1,1,0,0,0,0,0,0,34
2,0,1,0,1,0,0,1,0,0,0,0,1,0,0,0,0,1,1,0,1,0,1,1,0,0,0,0,0,55
2,1,1,0,0,0,0,1,1,0,0,0,1,1,0,1,0,1,1,0,1,1,0,0,1,0,0,0,0,28
2,1,1,0,0,0,0,0,0,0,0,1,0,0,0,0,0,1,1,0,0,0,1,1,1,0,0,0,0,50
2,0,1,0,0,0,0,0,1,0,0,1,1,1,0,1,0,1,1,0,1,0,0,1,0,0,1,0,0,51
2,0,0,0,0,0,0,0,0,0,0,0,0,0,0,0,1,1,1,0,1,0,1,0,0,0,1,0,0,84
2,0,1,0,1,0,0,0,0,0,0,1,0,0,0,1,0,1,1,0,1,0,0,0,1,0,1,0,0,62
1,1,1,0,0,0,0,0,1,0,1,0,1,0,1,0,0,1,1,0,1,0,1,0,1,0,0,0,0,42
2,0,0,0,0,0,0,0,0,0,0,0,0,0,1,0,0,1,1,0,1,0,1,0,1,0,0,0,0,37
1,0,0,0,0,0,0,0,0,0,0,0,1,1,1,0,0,1,1,0,0,1,1,0,0,0,1,0,0,49
2,0,1,0,1,1,0,0,1,0,0,0,1,0,0,1,0,1,1,0,1,0,1,0,1,0,0,0,0,42
1,0,0,0,0,0,0,0,0,1,0,0,1,0,0,1,0,1,1,0,1,1,1,0,0,0,0,0,0,81
2,1,1,1,1,0,0,1,1,0,0,0,1,0,1,1,0,0,1,0,1,0,1,0,0,1,1,0,0,49
2,0,0,0,0,0,0,0,0,0,0,0,0,0,0,0,1,1,0,0,0,0,1,0,1,0,1,0,0,77
2,1,1,0,1,0,0,0,0,0,0,1,0,1,1,0,0,1,1,0,0,0,1,0,0,0,1,1,0,19
1,1,1,0,1,0,1,1,1,1,1,1,1,1,1,1,0,0,1,0,1,1,1,0,1,0,0,0,0,60
2,1,1,1,1,0,0,1,1,0,0,1,1,1,1,1,0,1,1,0,0,0,1,1,1,0,0,0,0,52
2,0,1,0,0,0,0,0,0,0,0,0,0,0,1,1,0,1,1,0,1,0,1,1,0,0,0,0,0,47
1,1,0,0,1,1,0,0,1,0,0,0,1,1,1,0,0,1,1,0,1,1,1,0,0,0,0,0,0,32
2,1,1,0,1,0,0,1,1,1,0,1,1,0,1,0,0,1,1,0,1,1,1,0,0,0,0,0,0,83
1,1,0,0,0,0,0,0,0,0,0,0,0,0,0,0,0,1,1,0,0,0,1,0,0,1,0,0,0,76
1,1,1,0,0,0,0,0,0,1,0,0,0,0,0,0,0,0,1,0,1,0,0,1,0,1,0,1,0,81
1,1,1,0,1,0,0,1,0,0,1,0,0,0,1,0,0,1,1,0,1,0,1,0,0,0,0,1,0,39
2,0,0,0,0,0,0,0,0,0,1,0,0,0,0,0,0,1,1,0,1,0,1,0,0,0,1,0,0,63
2,0,1,0,0,0,0,1,0,0,0,1,1,0,0,1,0,1,1,0,1,0,1,1,0,0,0,0,0,50
1,1,0,0,1,0,0,1,0,0,0,1,0,0,1,1,0,1,0,0,0,0,1,0,0,1,1,1,0,37
1,0,1,0,1,0,0,0,0,0,0,0,0,0,1,0,0,1,1,0,1,1,1,0,0,0,0,0,0,59
2,1,1,0,1,0,0,0,0,0,0,0,0,0,0,0,0,1,1,0,0,0,0,0,0,1,0,1,0,74
2,0,1,0,0,0,0,0,0,0,0,0,0,0,0,0,0,1,1,0,0,0,1,1,0,0,1,0,0,42
1,1,0,0,0,0,0,0,0,0,0,0,0,0,0,0,0,1,1,0,1,0,0,1,0,0,1,0,0,69
2,0,1,0,1,0,0,0,0,0,0,0,0,0,0,0,0,1,1,0,1,1,1,0,0,0,0,0,0,55
1,1,1,0,0,0,0,0,0,0,0,0,0,0,0,0,0,1,1,0,1,0,0,0,0,0,1,1,0,42
2,1,0,1,0,0,0,0,0,0,0,1,1,1,1,0,0,1,1,0,1,0,1,0,1,0,0,0,0,61
1,1,1,0,0,0,0,0,0,0,0,0,0,0,0,0,0,1,1,0,1,0,0,0,0,0,0,0,0,65
1,1,1,1,1,0,1,1,0,0,1,1,1,1,1,1,0,1,1,0,1,0,1,0,0,0,1,0,0,73
1,0,0,0,0,0,0,0,1,0,0,0,1,0,0,1,0,0,1,0,1,0,1,0,1,0,1,0,0,59
2,0,1,0,0,0,0,0,1,1,0,0,0,1,0,0,0,1,1,0,1,0,1,0,0,0,1,0,0,30
1,1,1,0,1,0,0,1,0,0,0,1,0,0,0,0,0,1,0,0,1,1,0,0,0,0,1,1,0,35
1,0,0,0,0,0,0,0,1,0,0,0,0,0,1,0,0,0,1,0,1,1,1,0,0,0,1,0,0,37
1,0,1,0,0,0,0,0,0,0,0,0,1,0,0,1,0,0,1,0,1,1,1,0,0,0,0,0,0,56
1,1,1,0,0,1,0,0,1,0,0,0,0,1,1,0,0,0,1,0,1,0,0,0,1,0,0,0,0,25
1,1,0,0,0,0,0,0,0,0,0,0,1,0,1,0,0,1,1,0,1,0,1,0,1,0,0,0,0,21
2,1,1,0,0,1,0,0,1,0,0,0,0,1,1,0,0,1,1,0,0,1,1,0,0,0,1,0,0,26
2,1,1,0,0,0,0,0,1,0,0,0,0,0,0,1,0,0,0,0,1,1,1,0,1,0,1,0,0,33
2,0,0,0,0,0,0,0,1,0,0,1,1,0,1,1,0,0,1,0,1,1,1,0,1,0,0,0,0,53
2,1,1,0,1,0,0,0,1,1,0,1,1,1,1,1,0,0,1,0,1,1,1,0,0,0,1,0,0,40
2,1,1,0,0,0,1,0,0,1,0,0,0,0,0,0,0,1,1,0,1,1,1,0,0,0,0,0,0,49
2,0,0,0,0,0,0,1,0,0,0,1,0,1,1,1,0,1,1,0,1,1,0,0,1,0,0,0,0,30
1,1,1,0,1,0,0,0,0,1,0,0,0,0,0,1,0,1,0,0,1,0,1,0,0,0,1,1,0,45
1,0,1,0,0,0,0,0,1,0,0,0,1,0,1,0,0,0,1,0,0,1,1,0,1,0,1,0,0,19
1,1,1,0,0,0,0,0,1,0,0,0,0,0,1,1,0,1,1,0,1,0,0,0,1,0,1,0,0,23
2,0,1,0,0,0,0,1,0,0,0,0,0,0,1,1,0,0,1,0,1,1,1,0,1,0,0,0,0,35
2,1,1,0,1,1,0,1,1,1,1,1,1,1,1,1,0,1,1,0,1,1,0,0,1,0,0,0,0,32
2,1,1,0,1,0,0,0,1,1,0,0,0,0,1,1,0,1,1,0,1,1,1,0,0,0,0,0,0,30
2,1,1,1,0,0,0,0,0,1,0,0,0,0,1,0,0,1,1,0,1,1,1,0,0,0,0,0,0,27
1,1,1,0,0,1,1,0,1,1,0,0,0,1,1,0,0,0,1,0,1,0,1,0,1,0,1,0,0,29
1,0,0,0,0,0,0,0,1,0,0,0,1,0,1,0,0,0,0,0,1,1,1,0,1,0,1,0,0,25
1,1,1,0,0,0,0,1,0,0,1,1,0,1,1,1,0,1,1,0,1,1,1,0,0,0,0,0,0,61
2,0,1,0,1,0,0,0,0,0,0,0,1,1,0,0,0,1,1,0,1,0,1,0,1,0,0,0,0,68
1,1,1,0,0,1,0,0,1,0,0,1,1,1,1,0,0,0,1,0,1,1,0,0,1,0,0,0,0,51
1,1,1,0,0,0,0,1,1,0,0,0,1,1,1,1,0,1,1,0,1,1,1,0,0,0,0,0,0,28
2,0,1,0,0,0,0,0,1,0,0,0,0,0,1,1,0,1,0,0,1,0,1,0,0,1,1,0,0,68
2,1,1,0,1,0,0,0,1,0,0,1,1,0,1,0,0,0,1,0,1,0,1,0,1,0,1,0,0,20
2,0,0,0,0,0,0,0,1,0,0,1,1,0,0,0,0,0,1,0,1,1,1,0,1,0,0,0,0,52
1,1,1,0,0,0,0,0,0,1,0,0,0,1,0,1,0,1,1,0,1,1,1,0,0,0,0,0,0,26
2,0,1,0,0,0,0,0,0,0,1,0,0,0,0,0,0,1,1,0,0,0,0,1,1,0,0,0,0,68
1,1,1,0,0,0,0,0,0,0,0,1,0,0,0,0,0,1,1,0,0,1,1,0,1,0,0,0,0,25
2,0,1,0,1,0,0,1,1,0,0,1,0,0,0,1,0,1,1,0,1,0,1,0,0,0,1,0,0,36
2,1,1,0,0,0,0,0,1,0,0,0,0,1,1,1,0,0,1,0,1,1,1,0,0,0,1,0,0,40
1,1,1,0,1,0,0,1,1,0,0,0,0,0,1,1,0,0,1,1,1,1,0,0,1,0,0,0,0,31
2,1,1,0,0,0,0,0,0,0,0,0,0,0,0,1,0,0,1,0,1,1,1,0,0,0,1,0,0,49
2,1,0,0,1,0,0,0,0,0,0,0,0,0,1,1,0,0,1,0,1,0,1,0,1,0,1,0,0,47
2,1,1,0,0,0,0,0,0,0,0,0,1,0,0,0,0,1,1,0,1,0,1,0,1,0,0,0,0,60
1,1,1,0,0,1,0,0,0,0,0,0,1,1,0,0,0,0,1,0,1,1,1,0,0,1,0,0,0,23
2,0,1,0,0,0,0,0,1,0,0,0,1,0,1,0,0,1,1,0,1,1,1,0,0,0,0,0,0,29
1,1,0,0,0,1,0,0,1,0,0,0,0,1,1,0,0,1,1,0,1,1,1,0,0,0,0,0,0,35
1,1,1,1,1,0,0,0,0,0,0,1,0,1,1,1,0,0,1,0,1,0,1,0,0,0,1,1,0,46
2,0,1,0,1,0,0,0,0,0,0,1,1,0,0,1,0,1,0,0,1,0,1,0,1,0,0,1,0,59
1,1,1,0,0,0,0,0,0,0,0,0,1,0,1,1,0,1,0,0,1,0,0,0,0,0,0,1,0,28
2,1,1,1,1,1,0,1,1,0,1,1,1,1,1,1,0,1,1,0,1,0,1,0,0,0,1,0,0,39
2,1,1,0,1,0,0,0,0,0,0,0,0,0,0,0,0,1,1,0,1,0,1,1,0,0,0,0,0,70
2,0,1,0,0,0,0,1,0,0,0,1,0,0,0,0,0,1,1,0,1,0,1,0,0,0,1,0,0,24
2,0,1,0,0,0,0,1,0,0,0,1,0,0,0,1,0,1,1,0,1,0,0,0,1,0,1,0,0,75
2,0,1,0,1,0,0,0,0,0,0,0,0,0,1,1,0,1,1,0,0,0,1,0,0,0,1,1,0,49
1,1,1,0,1,0,0,1,0,0,0,0,0,0,0,1,0,1,1,1,0,0,1,0,0,0,1,0,0,57
1,1,0,0,1,0,0,0,0,0,0,1,1,0,0,0,0,0,1,0,1,1,1,0,0,0,1,0,0,54
2,0,1,0,0,0,0,0,1,0,0,1,1,1,1,1,0,0,1,0,1,0,1,0,1,0,1,0,0,47
1,1,0,0,0,0,1,0,0,1,0,0,0,0,1,0,0,1,1,0,1,1,1,0,0,0,0,0,0,52
1,0,1,0,0,0,0,1,1,0,0,0,1,1,1,0,0,0,1,0,1,1,0,0,1,0,1,0,0,43
1,1,0,0,1,0,0,0,0,0,0,0,1,1,0,0,0,1,1,0,0,0,1,0,1,0,1,0,0,67
1,0,0,0,0,0,0,0,0,0,0,0,1,0,1,1,0,1,1,0,1,0,1,0,0,0,0,0,0,55
2,1,1,1,1,0,0,1,0,1,0,1,0,1,1,1,0,1,1,0,1,0,1,0,0,0,1,0,0,33
2,1,1,1,1,0,0,1,1,1,0,0,0,0,0,1,0,1,1,0,0,0,1,0,1,0,1,0,0,42
2,1,1,0,0,0,0,0,0,0,0,0,1,1,1,0,0,0,1,0,1,0,1,0,1,0,1,0,0,18
2,0,1,0,0,0,0,0,0,0,0,1,0,0,0,1,0,0,0,0,0,0,1,0,0,1,0,1,0,68
1,1,1,0,0,0,0,0,0,0,1,1,1,0,0,0,0,1,0,0,1,1,0,0,0,0,1,0,0,20
1,0,1,1,0,0,0,0,0,0,1,0,1,0,0,0,0,0,0,0,1,1,1,0,0,0,1,0,0,19
1,0,0,0,1,0,0,0,0,0,0,0,0,0,0,1,0,1,0,0,1,0,1,0,0,0,1,1,0,65
1,1,1,0,0,0,0,1,0,0,0,0,0,0,1,0,0,1,1,0,1,0,1,0,0,0,1,0,0,20
2,0,0,0,0,0,0,1,0,0,0,1,1,0,1,0,0,1,1,0,0,1,1,0,0,0,0,1,0,64
1,0,1,0,1,0,0,0,0,0,0,0,1,0,0,0,0,1,1,0,1,0,1,0,1,0,0,0,0,55
1,0,1,1,1,0,0,1,0,0,0,0,0,1,0,1,0,1,0,0,1,0,1,1,0,0,0,1,0,18
1,0,1,0,0,0,0,0,0,0,0,0,1,0,0,1,0,1,1,0,1,0,1,0,0,0,1,0,0,42
2,1,1,0,1,1,0,1,0,1,1,1,1,0,1,1,0,1,1,0,1,0,1,0,0,0,1,0,0,41
2,0,0,0,1,0,0,0,0,1,0,0,0,1,0,0,0,1,1,0,0,0,1,1,0,0,1,0,0,47
2,1,1,0,0,0,0,0,0,0,1,0,0,1,0,0,0,1,1,0,0,0,1,1,0,1,0,0,0,82
1,0,1,0,1,0,0,0,1,0,1,1,1,1,1,1,0,1,1,0,1,1,1,0,0,0,0,0,0,33
2,1,1,1,1,0,0,0,1,1,1,1,1,1,1,0,0,1,1,0,1,0,1,0,1,0,0,0,0,37
1,1,1,1,1,0,0,1,1,1,1,1,1,1,1,1,0,1,1,0,1,0,1,0,0,0,0,1,0,50
1,0,1,1,0,0,0,0,0,0,0,0,1,0,1,1,0,1,1,0,1,0,1,0,0,0,1,0,0,53
2,0,1,0,1,0,0,1,0,0,0,1,0,0,1,1,0,1,1,0,1,0,1,0,1,0,0,0,0,58
1,1,1,1,1,1,1,1,1,1,0,1,1,1,1,1,0,0,1,0,1,1,1,0,0,0,1,0,0,61
2,1,0,0,0,0,0,0,1,0,0,1,0,0,0,1,0,1,1,0,1,0,0,0,1,0,1,0,0,47
2,1,0,0,0,0,0,0,1,0,0,0,1,1,0,0,0,0,1,0,1,0,1,0,1,0,1,0,0,55
2,0,1,0,1,0,0,0,0,0,0,1,1,0,0,1,0,1,1,0,1,0,1,0,0,0,1,0,0,32
1,1,1,0,0,1,0,0,1,1,1,1,1,1,1,1,0,1,1,1,0,1,1,0,0,0,0,0,0,46
1,1,1,0,1,0,0,1,1,0,1,0,1,1,0,1,0,0,1,0,1,0,1,0,1,0,1,0,0,44
1,0,1,0,1,0,0,0,0,0,0,0,1,0,1,1,0,1,1,0,1,0,0,0,1,0,1,0,0,69
1,0,0,0,1,1,0,0,0,0,0,0,0,1,0,1,0,0,1,0,1,1,1,0,0,0,0,0,0,47
2,0,1,0,0,0,0,0,0,0,0,0,0,0,0,1,0,1,1,0,1,0,1,0,0,0,1,0,0,52
2,1,1,0,1,0,0,0,1,0,0,1,1,0,1,1,0,1,1,0,1,0,1,0,0,0,1,0,0,73
2,1,1,0,0,1,0,0,1,1,0,1,0,0,1,0,0,1,1,0,1,0,1,0,1,0,0,0,0,34
1,0,1,1,1,0,0,0,0,0,0,0,0,0,0,0,0,1,0,0,0,0,1,1,1,0,1,0,0,19
1,0,1,0,0,0,0,0,0,1,0,0,0,0,0,1,0,1,1,0,1,0,1,0,0,0,1,0,0,63
1,1,1,0,0,0,0,1,0,0,0,0,0,0,1,0,0,1,1,0,0,1,1,0,0,0,0,1,0,25
1,1,0,0,0,0,0,1,0,0,0,0,1,1,0,0,0,0,1,0,1,0,1,0,0,1,0,1,0,58
1,0,0,0,0,0,0,0,0,0,0,0,0,1,0,1,0,0,1,0,0,1,0,0,0,0,1,0,0,39
1,1,1,0,0,0,0,1,0,1,0,0,0,0,1,0,0,0,1,0,0,1,1,0,1,0,1,0,0,42
2,0,0,0,0,0,0,0,1,0,0,0,1,0,1,0,0,1,0,0,0,1,1,0,1,0,1,0,0,27
1,1,0,0,0,0,0,0,0,0,0,0,0,0,0,0,0,1,1,0,1,0,1,0,1,0,0,0,0,27
2,1,1,0,1,0,0,1,1,0,0,1,1,0,1,1,0,0,1,0,1,1,1,0,0,0,1,0,0,41
1,0,1,1,1,0,0,1,0,0,0,0,1,1,1,1,0,1,0,0,1,0,1,0,0,0,1,1,0,30
1,1,1,0,0,0,0,1,1,0,0,0,0,0,1,1,0,1,0,0,1,1,1,0,0,0,0,1,0,20
2,0,1,0,1,0,0,0,1,0,0,1,1,0,1,1,0,0,1,0,1,1,1,0,0,0,1,0,0,40
1,1,1,1,1,1,1,1,1,1,1,1,1,1,1,1,0,0,1,0,1,0,1,0,0,0,0,0,0,25
1,0,1,0,0,0,0,1,1,0,0,0,0,1,0,1,0,1,1,0,1,0,0,0,0,0,1,0,0,38
1,1,0,0,1,0,0,0,0,0,0,1,0,0,0,0,0,0,1,0,1,1,1,0,0,0,1,0,0,45
2,0,1,0,1,0,0,0,0,1,0,0,1,1,1,0,0,1,1,0,1,0,1,0,0,0,1,0,0,30
1,0,0,0,1,0,0,1,0,0,0,0,1,0,0,1,0,0,1,0,0,0,1,1,0,0,1,0,0,57
2,1,1,1,1,0,0,0,1,1,0,1,1,1,1,1,0,0,1,0,1,0,1,0,0,1,1,0,0,27
2,0,1,1,0,0,0,0,1,1,0,0,0,0,1,1,0,0,1,0,1,1,1,0,0,0,1,0,0,53
2,0,1,1,0,0,0,0,0,0,0,1,1,0,1,1,0,1,1,0,0,1,1,0,0,0,1,0,0,42
2,1,1,1,0,0,0,0,0,0,0,0,0,1,0,0,0,1,0,0,1,1,1,0,0,0,1,0,0,23
2,0,0,0,0,0,0,0,0,1,0,0,1,0,1,1,0,0,1,0,1,1,1,0,0,0,1,0,0,55
2,1,0,1,0,0,0,1,0,0,0,0,0,0,0,0,0,0,1,0,1,0,1,0,1,1,0,0,0,35
1,1,1,0,0,0,0,0,1,0,0,0,1,1,0,1,0,1,1,0,1,0,1,0,0,0,0,0,0,40
1,0,1,0,0,0,0,1,1,1,1,1,1,1,1,1,0,0,1,0,1,1,1,0,1,0,0,0,0,46
1,1,1,0,1,1,0,0,1,1,0,1,1,1,1,1,0,1,1,0,1,1,1,0,0,0,0,0,0,46
1,1,0,0,0,1,0,0,1,0,0,0,1,1,1,1,0,1,1,0,1,0,1,0,1,0,0,0,0,44
2,0,1,1,1,0,0,0,1,0,0,1,1,1,1,1,0,1,1,0,1,0,1,0,0,0,1,0,0,33
2,0,1,0,0,0,0,0,1,0,0,0,0,1,0,0,0,1,1,0,1,0,1,0,1,0,0,0,0,27
2,0,0,0,0,0,0,0,0,0,0,0,0,0,0,0,1,1,1,0,1,0,1,0,1,0,0,0,0,49
2,0,1,1,1,0,0,0,1,0,0,0,1,1,0,1,0,0,1,0,1,1,1,0,0,0,0,0,0,34
1,1,1,0,0,0,0,0,0,0,0,1,0,1,1,0,0,1,1,0,1,0,1,0,0,0,1,0,0,31
2,1,1,0,0,1,1,0,1,0,0,1,1,1,1,0,0,1,1,0,1,0,1,0,0,0,1,0,0,26
1,0,1,0,0,0,0,0,0,0,0,0,0,0,0,0,0,1,1,0,1,1,1,0,0,0,0,0,0,55
2,1,1,0,0,0,0,1,0,0,0,0,0,0,0,0,0,1,1,0,1,0,1,0,0,0,1,0,0,66
1,1,1,0,0,0,0,0,1,0,0,1,1,1,1,1,0,1,1,0,0,1,1,0,0,0,1,0,0,32
1,1,1,0,0,0,0,0,1,0,0,0,1,1,1,1,0,0,1,0,1,0,1,0,1,0,1,0,0,33
1,1,1,0,1,1,0,1,1,1,0,1,1,1,1,1,0,0,1,0,1,1,1,0,0,0,1,0,0,30
1,1,0,0,1,0,0,1,0,0,1,0,0,0,1,0,0,1,0,0,1,0,1,1,0,0,1,0,0,68
2,0,1,0,1,0,0,0,0,0,0,1,1,0,1,1,0,1,0,0,1,0,1,0,0,0,1,1,0,19
1,0,1,0,1,0,0,0,0,0,0,1,1,0,1,1,0,1,1,0,1,1,1,0,0,0,0,0,0,18
1,1,0,0,1,0,0,0,1,0,0,0,1,1,1,0,0,0,1,0,1,1,1,0,0,0,1,0,0,43
1,0,0,1,1,0,0,0,1,0,1,0,0,0,0,0,0,1,1,0,0,1,1,0,0,0,1,0,0,53
1,1,1,0,1,1,0,0,1,0,0,0,1,1,1,1,0,1,1,0,1,0,0,0,1,0,0,1,0,24
1,0,1,1,1,0,0,1,0,1,0,1,0,0,0,1,0,1,1,0,1,0,1,0,0,0,1,0,0,53
2,1,1,0,1,0,0,1,1,0,1,0,1,1,1,1,0,1,1,0,1,0,1,1,0,0,0,0,0,32
1,1,1,0,0,0,0,0,0,1,0,0,0,0,0,0,0,1,0,0,1,0,0,1,0,1,0,0,0,81
1,1,1,1,1,0,0,1,0,0,1,0,0,0,0,0,0,1,1,0,0,1,1,0,0,1,0,0,0,24
2,0,1,1,0,0,0,1,0,0,0,1,1,1,0,1,0,1,1,0,1,0,1,0,0,0,1,0,0,25
2,0,1,0,0,0,0,0,0,0,0,1,1,0,0,1,0,1,0,0,1,0,1,0,0,0,1,1,0,42
1,1,1,0,1,0,0,1,0,1,1,1,0,1,0,1,0,1,1,0,0,0,0,1,1,0,0,1,0,69
2,1,1,0,1,0,0,1,0,0,0,0,0,0,1,0,0,1,1,0,1,0,1,0,0,0,1,0,0,31
1,0,0,0,1,0,0,1,0,0,0,1,0,0,0,0,0,1,1,0,1,0,1,0,0,0,1,0,0,46
1,1,0,0,0,1,0,0,0,0,0,0,1,1,1,0,0,1,1,0,1,0,1,0,1,0,0,0,0,23
1,1,1,0,0,0,0,1,1,1,0,0,0,0,1,1,0,1,1,0,1,0,1,0,0,0,1,0,0,49
1,0,1,0,1,0,0,1,1,1,0,1,1,1,1,1,0,1,1,0,0,0,1,0,0,0,1,1,0,43
1,0,1,1,0,0,0,0,0,0,0,0,0,0,0,1,0,1,0,0,1,1,1,0,0,0,1,0,0,30
1,1,1,0,1,0,0,0,1,1,0,1,0,0,1,0,0,0,1,0,1,0,1,0,1,0,1,0,0,73
1,0,1,0,0,0,0,0,1,0,0,0,1,1,0,0,0,1,1,0,1,0,0,0,0,1,1,0,0,54
2,0,1,0,1,0,0,0,0,0,0,0,1,1,1,0,0,1,1,0,1,0,1,0,0,0,1,0,0,39
1,1,1,0,1,0,0,0,0,0,0,0,0,0,0,0,0,0,0,0,1,0,1,1,0,0,1,1,0,70
1,0,1,1,1,0,0,1,0,0,0,1,1,0,1,1,0,1,1,0,1,0,1,1,0,0,0,0,0,55
1,0,1,1,0,0,0,1,0,0,1,0,0,0,1,1,0,0,1,0,0,0,1,0,0,0,1,1,0,40
2,0,1,0,0,0,0,0,0,0,0,0,0,0,0,0,0,1,0,0,1,0,0,0,1,0,0,1,0,70
1,1,1,0,1,0,0,0,1,0,1,1,1,1,0,1,0,1,1,0,1,0,1,0,1,0,0,0,0,55
2,0,1,0,0,0,0,0,0,0,0,1,1,0,0,0,0,1,1,0,0,1,1,0,0,0,0,0,0,37
2,0,1,0,1,0,0,0,1,0,0,1,0,0,0,0,0,0,1,0,1,1,1,0,1,0,0,0,0,43
2,1,1,1,1,0,0,0,0,1,0,0,0,0,1,0,0,1,0,0,1,0,1,0,0,0,1,1,0,74
2,0,1,0,0,0,0,0,0,1,0,1,1,0,0,1,0,1,1,0,0,1,1,0,1,0,0,0,0,67
2,1,1,0,0,0,0,0,1,0,0,1,0,0,0,1,0,1,1,0,1,1,0,0,1,0,0,0,0,23
2,0,1,0,1,0,0,1,0,0,1,1,0,0,1,1,0,1,1,0,0,0,1,0,0,1,1,0,0,41
1,1,0,0,0,1,0,0,1,0,0,1,0,1,1,0,0,0,1,0,0,1,1,0,0,0,0,0,0,25
1,0,0,0,0,0,0,0,1,0,0,0,1,1,1,1,0,0,1,0,0,0,1,0,1,0,1,0,0,63
2,1,1,0,0,0,0,1,1,0,0,0,0,0,0,0,0,1,0,0,0,1,1,1,0,0,0,1,0,31
1,1,1,1,1,0,0,1,1,1,1,1,1,0,1,1,0,1,1,0,1,1,1,0,0,0,0,0,0,56
2,1,1,1,0,0,0,0,1,0,0,0,1,0,0,1,0,1,1,0,1,1,1,0,0,0,0,0,0,41
1,1,1,0,1,0,0,1,0,0,0,0,0,0,1,0,0,1,1,0,1,0,0,1,0,0,1,0,0,63
2,1,1,0,1,0,0,0,0,1,0,1,1,1,1,1,0,0,1,0,1,0,1,0,0,0,1,1,0,29
2,0,1,0,0,0,0,0,0,0,0,1,0,0,0,1,0,1,0,0,1,0,1,0,1,0,1,0,0,69
1,0,0,0,0,0,0,0,0,0,0,1,1,0,0,0,0,1,0,0,1,0,1,1,0,0,1,0,0,66
2,1,1,0,0,0,0,0,0,0,0,1,0,0,0,1,0,1,1,0,1,0,1,0,0,0,1,0,0,24
1,1,1,0,0,0,0,0,0,1,0,1,0,0,0,0,0,1,1,0,1,0,1,0,0,0,1,0,0,28
1,0,1,0,1,1,1,0,1,0,0,1,1,1,1,1,0,1,1,0,1,0,1,0,0,0,1,0,0,59
2,0,1,0,0,0,0,0,0,1,0,1,0,0,0,1,0,1,0,0,0,1,1,0,0,0,1,1,0,74
2,0,1,0,0,0,0,0,0,0,0,1,0,0,0,1,0,1,0,0,1,1,1,0,0,0,1,0,0,78
1,0,1,0,0,0,0,0,1,0,0,0,0,1,0,1,0,1,1,0,0,1,1,0,0,0,1,0,0,22
1,0,0,0,0,0,0,0,0,1,0,0,0,0,0,0,0,1,1,0,1,0,1,1,0,0,0,0,0,85
2,1,1,0,1,0,1,1,1,1,0,1,1,1,1,1,0,1,1,0,1,0,1,0,0,0,1,0,0,50
1,0,1,1,1,1,0,0,1,0,0,1,1,0,1,1,0,1,1,0,1,1,0,0,1,0,0,0,0,75
1,1,1,0,1,0,0,0,0,0,0,0,0,0,0,1,0,1,0,0,1,1,0,0,0,0,1,1,0,56
2,1,1,1,1,0,0,1,0,0,0,1,1,0,0,1,0,1,1,0,1,0,1,0,1,0,0,0,0,47
2,1,1,1,1,0,0,0,0,1,0,1,0,1,1,1,0,1,0,0,1,0,1,0,1,0,1,0,0,50
1,1,0,0,0,0,0,1,1,0,1,1,0,1,1,0,0,1,0,0,0,0,0,1,1,0,1,1,0,42
1,1,1,1,1,0,0,0,0,1,0,0,0,1,0,0,0,1,1,0,1,0,1,0,1,0,0,0,0,77
1,1,1,0,0,1,0,0,0,1,0,1,0,1,1,0,0,1,1,1,1,0,0,0,0,0,0,0,0,20
1,0,1,0,0,0,0,0,1,1,0,1,0,1,1,1,0,1,1,0,1,0,1,0,1,0,0,0,0,54
2,0,0,0,1,0,0,1,0,0,1,1,1,0,1,1,0,0,1,0,1,0,1,1,0,0,1,0,0,57
1,1,1,0,1,1,0,1,1,0,0,0,0,1,1,0,0,0,1,0,1,0,1,0,1,0,1,0,0,33
2,0,0,0,0,0,0,0,0,0,0,0,0,0,0,0,1,1,1,0,1,0,1,0,1,0,0,0,0,88
2,1,1,0,0,1,0,0,1,0,1,1,1,1,1,1,0,1,0,0,1,0,1,0,1,0,1,0,0,29
1,1,1,0,1,0,0,1,0,0,0,1,0,0,1,1,0,1,0,0,1,1,1,0,1,0,0,0,0,33
1,1,1,0,0,0,0,0,0,0,0,1,0,0,1,0,0,1,1,0,1,0,1,0,0,0,1,0,0,46
1,0,1,0,1,0,0,0,0,0,0,0,0,1,0,1,0,0,1,0,1,1,1,0,0,0,1,0,0,40
2,0,1,0,1,0,0,0,0,0,0,0,1,0,1,1,0,1,1,0,1,0,1,0,0,0,1,0,0,41
1,1,1,0,1,0,0,0,0,0,0,1,0,0,0,1,0,1,1,0,1,0,1,0,0,0,1,0,0,44
2,1,1,0,1,0,0,0,0,0,0,1,1,0,1,0,0,0,1,0,1,0,1,0,0,1,1,0,0,66
2,1,1,0,0,1,0,0,1,0,0,1,1,1,1,1,0,0,1,0,1,1,1,0,0,0,1,0,0,29
2,0,1,0,0,0,0,0,1,0,0,1,1,0,1,0,0,1,1,0,0,1,1,0,1,0,0,0,0,24
1,1,1,1,1,0,0,1,1,0,1,1,1,1,1,0,0,1,0,1,0,1,0,0,0,0,0,0,0,40
2,1,1,0,0,0,0,0,1,1,0,1,1,1,1,1,0,0,1,0,1,1,0,0,1,1,0,0,0,77
2,0,1,0,0,0,0,0,0,1,1,1,1,1,1,1,0,1,1,0,1,0,1,0,1,0,1,0,0,79
2,1,1,0,1,1,0,1,1,0,0,1,1,1,1,1,0,1,1,0,1,0,1,0,0,0,1,0,0,19
2,1,0,0,0,0,0,1,0,0,0,0,0,1,0,0,0,1,1,0,1,0,1,0,0,0,1,0,0,62
2,1,1,0,1,0,0,0,0,0,1,1,1,0,1,1,0,1,1,0,1,1,1,0,0,0,0,0,0,40
2,1,1,1,0,0,0,1,1,0,1,1,0,1,1,1,0,0,1,0,1,1,1,0,1,0,0,0,0,47
2,0,1,0,1,0,0,0,1,1,1,0,1,0,1,0,0,0,1,0,1,1,1,0,0,0,1,0,0,33
1,1,1,0,1,0,0,1,0,0,1,1,0,0,0,1,0,0,1,0,1,0,1,0,1,0,1,0,0,47
1,1,1,0,1,0,0,0,0,0,0,0,0,0,1,0,0,1,1,0,1,0,1,0,0,0,0,0,0,54
1,1,1,0,1,0,0,0,0,0,1,1,1,1,1,0,0,1,0,0,1,0,1,0,0,0,1,1,0,47
1,1,1,0,1,1,0,1,1,0,1,1,1,1,1,1,0,1,0,0,1,1,1,0,0,0,0,1,0,26
2,0,0,0,0,1,0,0,1,1,0,0,1,1,1,0,0,1,1,0,1,0,1,0,1,0,0,0,0,53
